P	T(ns)		T(точки)	n		N		Exposition(ms)	Ch1		Ch2		SS
0.287	850.000		960.000		1000.000	3486.000	303.000		5092.000	30372.000	1606.000
0.278	950.000		1120.000	1000.000	3602.000	312.000		5102.000	31216.000	1500.000
0.260	1050.000	1280.000	1000.000	3853.000	344.000		5327.000	34431.000	1474.000
0.259	1150.000	1440.000	1000.000	3867.000	350.000		5342.000	35022.000	1475.000
0.215	1250.000	1600.000	1000.000	4655.000	414.000		6188.000	41486.000	1533.000
0.218	1350.000	1760.000	1000.000	4591.000	407.000		6125.000	40713.000	1534.000
0.192	1450.000	1920.000	1000.000	5221.000	459.000		6768.000	45931.000	1547.000
0.182	1550.000	2080.000	1000.000	5483.000	484.000		7001.000	48430.000	1518.000
0.161	1650.000	2240.000	1000.000	6196.000	561.000		7771.000	56195.000	1575.000
0.162	1750.000	2400.000	1000.000	6156.000	555.000		7705.000	55562.000	1549.000
0.151	1850.000	2560.000	1000.000	6606.000	586.000		8148.000	58665.000	1542.000
0.146	1950.000	2720.000	1000.000	6856.000	611.000		8381.000	61112.000	1525.000
0.133	2050.000	2880.000	1000.000	7531.000	666.000		9086.000	66614.000	1555.000
0.130	2150.000	3040.000	1000.000	7696.000	693.000		9276.000	69382.000	1580.000
0.118	2250.000	3200.000	1000.000	8447.000	754.000		10015.000	75403.000	1568.000
0.110	2350.000	3360.000	1000.000	9051.000	812.000		10645.000	81273.000	1594.000
0.109	2450.000	3520.000	1000.000	9164.000	821.000		10719.000	82142.000	1555.000
0.099	2550.000	3680.000	1000.000	10084.000	906.000		11665.000	90637.000	1581.000
0.100	2650.000	3840.000	1000.000	9999.000	888.000		11541.000	88832.000	1542.000
0.097	2750.000	4000.000	1000.000	10355.000	919.000		11914.000	91943.000	1559.000
Что есть что:
Ch2 - N=N00+N01+N10+N11
n   - N11
N   - N10+N11
SS  - N01+N00