         P           T(ns)       T(points)             N11         N10+N11  Exposition(ms)             Ch1             Ch2         N01+N11            Temp
     0.311	   850.000	   480.000	   100.000	   322.000	    53.000	   486.000	  2667.000	   164.000	     0.222
     0.360	   950.000	   560.000	   100.000	   278.000	    48.000	   422.000	  2440.000	   144.000	     0.222
     0.336	  1050.000	   640.000	   100.000	   298.000	    49.000	   436.000	  2488.000	   138.000	     0.222
     0.302	  1150.000	   720.000	   100.000	   331.000	    55.000	   472.000	  2760.000	   141.000	     0.222
     0.300	  1250.000	   800.000	   100.000	   333.000	    58.000	   479.000	  2927.000	   146.000	     0.222
     0.243	  1350.000	   880.000	   100.000	   412.000	    68.000	   560.000	  3442.000	   148.000	     0.222
     0.213	  1450.000	   960.000	   100.000	   469.000	    77.000	   621.000	  3860.000	   152.000	     0.222
     0.168	  1550.000	  1040.000	   100.000	   594.000	   104.000	   754.000	  5247.000	   160.000	     0.222
     0.193	  1650.000	  1120.000	   100.000	   518.000	    85.000	   653.000	  4251.000	   135.000	     0.222
     0.197	  1750.000	  1200.000	   100.000	   508.000	   237.000	   645.000	 11873.000	   137.000	     0.222
     0.205	  1850.000	  1280.000	   100.000	   488.000	    87.000	   638.000	  4369.000	   150.000	     0.222
     0.190	  1950.000	  1360.000	   100.000	   525.000	    89.000	   672.000	  4487.000	   147.000	     0.222
     0.166	  2050.000	  1440.000	   100.000	   602.000	   103.000	   748.000	  5159.000	   146.000	     0.222
     0.168	  2150.000	  1520.000	   100.000	   594.000	   104.000	   727.000	  5211.000	   133.000	     0.222
     0.163	  2250.000	  1600.000	   100.000	   612.000	   103.000	   736.000	  5165.000	   124.000	     0.222
     0.162	  2350.000	  1680.000	   100.000	   616.000	   101.000	   751.000	  5062.000	   135.000	     0.222
     0.134	  2450.000	  1760.000	   100.000	   747.000	   133.000	   904.000	  6669.000	   157.000	     0.222
     0.134	  2550.000	  1840.000	   100.000	   748.000	   131.000	   890.000	  6567.000	   142.000	     0.222
     0.117	  2650.000	  1920.000	   100.000	   852.000	   134.000	  1001.000	  6743.000	   149.000	     0.222
     0.109	  2750.000	  2000.000	   100.000	   918.000	   152.000	  1074.000	  7621.000	   156.000	     0.222
     0.142	  2850.000	  2080.000	   100.000	   704.000	   119.000	   860.000	  5979.000	   156.000	     0.222
     0.102	  2950.000	  2160.000	   100.000	   985.000	   165.000	  1141.000	  8289.000	   156.000	     0.222
     0.101	  3050.000	  2240.000	   100.000	   988.000	   171.000	  1146.000	  8552.000	   158.000	     0.222
     0.094	  3150.000	  2320.000	   100.000	  1067.000	   184.000	  1219.000	  9228.000	   152.000	     0.222
     0.089	  3250.000	  2400.000	   100.000	  1122.000	   185.000	  1279.000	  9256.000	   157.000	     0.222
     0.089	  3350.000	  2480.000	   100.000	  1127.000	   192.000	  1281.000	  9643.000	   154.000	     0.222
     0.090	  3450.000	  2560.000	   100.000	  1107.000	   176.000	  1266.000	  8825.000	   159.000	     0.222
     0.091	  3550.000	  2640.000	   100.000	  1099.000	   191.000	  1246.000	  9559.000	   147.000	     0.222
     0.086	  3650.000	  2720.000	   100.000	  1168.000	   201.000	  1315.000	 10100.000	   147.000	     0.222
     0.089	  3750.000	  2800.000	   100.000	  1122.000	   186.000	  1255.000	  9326.000	   133.000	     0.222
     0.082	  3850.000	  2880.000	   100.000	  1220.000	   203.000	  1369.000	 10180.000	   149.000	     0.222
     0.077	  3950.000	  2960.000	   100.000	  1301.000	   224.000	  1453.000	 11205.000	   152.000	     0.222
     0.083	  4050.000	  3040.000	   100.000	  1200.000	   194.000	  1344.000	  9746.000	   144.000	     0.222
     0.062	  4150.000	  3120.000	   100.000	  1626.000	   273.000	  1775.000	 13654.000	   149.000	     0.222
     0.060	  4250.000	  3200.000	   100.000	  1660.000	   280.000	  1809.000	 14049.000	   149.000	     0.222
     0.076	  4350.000	  3280.000	   100.000	  1313.000	   217.000	  1453.000	 10864.000	   140.000	     0.222
     0.054	  4450.000	  3360.000	   100.000	  1865.000	   325.000	  2041.000	 16251.000	   176.000	     0.222
     0.054	  4550.000	  3440.000	   100.000	  1835.000	   308.000	  2004.000	 15435.000	   169.000	     0.222
     0.059	  4650.000	  3520.000	   100.000	  1703.000	   300.000	  1853.000	 15050.000	   150.000	     0.222
     0.060	  4750.000	  3600.000	   100.000	  1675.000	   278.000	  1822.000	 13943.000	   147.000	     0.223
     0.045	  4850.000	  3680.000	   100.000	  2221.000	   378.000	  2391.000	 18914.000	   170.000	     0.223
     0.053	  4950.000	  3760.000	   100.000	  1882.000	   322.000	  2039.000	 16148.000	   157.000	     0.223
     0.049	  5050.000	  3840.000	   100.000	  2056.000	   353.000	  2207.000	 17652.000	   151.000	     0.223
     0.052	  5150.000	  3920.000	   100.000	  1918.000	   317.000	  2075.000	 15862.000	   157.000	     0.223
     0.040	  5250.000	  4000.000	   100.000	  2498.000	   424.000	  2671.000	 21220.000	   173.000	     0.223
     0.037	  5350.000	  4080.000	   100.000	  2727.000	   468.000	  2883.000	 23424.000	   156.000	     0.223
     0.048	  5450.000	  4160.000	   100.000	  2100.000	   371.000	  2255.000	 18561.000	   155.000	     0.223
     0.041	  5550.000	  4240.000	   100.000	  2433.000	   406.000	  2597.000	 20304.000	   164.000	     0.223
     0.041	  5650.000	  4320.000	   100.000	  2431.000	   412.000	  2585.000	 20606.000	   154.000	     0.223
     0.034	  5750.000	  4400.000	   100.000	  2942.000	   499.000	  3106.000	 24983.000	   164.000	     0.223
     0.044	  5850.000	  4480.000	   100.000	  2285.000	   388.000	  2440.000	 19439.000	   155.000	     0.223
     0.035	  5950.000	  4560.000	   100.000	  2868.000	   503.000	  3036.000	 25173.000	   168.000	     0.223
     0.034	  6050.000	  4640.000	   100.000	  2951.000	   508.000	  3103.000	 25419.000	   152.000	     0.223
     0.032	  6150.000	  4720.000	   100.000	  3093.000	   517.000	  3251.000	 25862.000	   158.000	     0.223
     0.032	  6250.000	  4800.000	   100.000	  3081.000	   517.000	  3243.000	 25883.000	   162.000	     0.223
     0.029	  6350.000	  4880.000	   100.000	  3410.000	   576.000	  3585.000	 28820.000	   175.000	     0.223
     0.027	  6450.000	  4960.000	   100.000	  3721.000	   648.000	  3891.000	 32404.000	   170.000	     0.223
     0.036	  6550.000	  5040.000	   100.000	  2806.000	   472.000	  2959.000	 23610.000	   153.000	     0.223
     0.031	  6650.000	  5120.000	   100.000	  3278.000	   546.000	  3439.000	 27325.000	   161.000	     0.223
     0.029	  6750.000	  5200.000	   100.000	  3457.000	   599.000	  3631.000	 29965.000	   174.000	     0.223
     0.027	  6850.000	  5280.000	   100.000	  3686.000	   629.000	  3844.000	 31460.000	   158.000	     0.223
     0.023	  6950.000	  5360.000	   100.000	  4287.000	   720.000	  4450.000	 36021.000	   163.000	     0.223
     0.025	  7050.000	  5440.000	   100.000	  4058.000	   693.000	  4225.000	 34689.000	   167.000	     0.223
     0.021	  7150.000	  5520.000	   100.000	  4786.000	   812.000	  4965.000	 40639.000	   179.000	     0.223
     0.025	  7250.000	  5600.000	   100.000	  3970.000	   674.000	  4146.000	 33746.000	   176.000	     0.223
     0.023	  7350.000	  5680.000	   100.000	  4298.000	   728.000	  4462.000	 36439.000	   164.000	     0.223
     0.022	  7450.000	  5760.000	   100.000	  4627.000	   783.000	  4813.000	 39186.000	   186.000	     0.223
     0.020	  7550.000	  5840.000	   100.000	  4946.000	   834.000	  5123.000	 41709.000	   177.000	     0.223
     0.020	  7650.000	  5920.000	   100.000	  5104.000	   856.000	  5286.000	 42811.000	   182.000	     0.223
     0.026	  7750.000	  6000.000	   100.000	  3880.000	   650.000	  4040.000	 32531.000	   160.000	     0.223
     0.019	  7850.000	  6080.000	   100.000	  5355.000	   925.000	  5545.000	 46289.000	   190.000	     0.223
     0.018	  7950.000	  6160.000	   100.000	  5435.000	   925.000	  5615.000	 46287.000	   180.000	     0.223
     0.021	  8050.000	  6240.000	   100.000	  4654.000	   797.000	  4825.000	 39886.000	   171.000	     0.223
     0.022	  8150.000	  6320.000	   100.000	  4649.000	   792.000	  4811.000	 39623.000	   162.000	     0.223
     0.017	  8250.000	  6400.000	   100.000	  5925.000	   990.000	  6111.000	 49526.000	   186.000	     0.223
     0.014	  8350.000	  6480.000	   100.000	  7095.000	  1221.000	  7299.000	 61098.000	   204.000	     0.223
     0.014	  8450.000	  6560.000	   100.000	  7267.000	  1230.000	  7457.000	 61542.000	   190.000	     0.223
     0.015	  8550.000	  6640.000	   100.000	  6649.000	  1156.000	  6826.000	 57850.000	   177.000	     0.223
     0.016	  8650.000	  6720.000	   100.000	  6261.000	  1075.000	  6446.000	 53779.000	   185.000	     0.223
     0.017	  8750.000	  6800.000	   100.000	  5729.000	   968.000	  5903.000	 48409.000	   174.000	     0.223
     0.015	  8850.000	  6880.000	   100.000	  6569.000	  1119.000	  6755.000	 55997.000	   186.000	     0.223
     0.014	  8950.000	  6960.000	   100.000	  7246.000	  1246.000	  7449.000	 62338.000	   203.000	     0.223
     0.014	  9050.000	  7040.000	   100.000	  7367.000	  1244.000	  7564.000	 62208.000	   197.000	     0.223
     0.015	  9150.000	  7120.000	   100.000	  6827.000	  1190.000	  7011.000	 59513.000	   184.000	     0.223
     0.014	  9250.000	  7200.000	   100.000	  7021.000	  1199.000	  7212.000	 59952.000	   191.000	     0.223
     0.015	  9350.000	  7280.000	   100.000	  6718.000	  1153.000	  6906.000	 57676.000	   188.000	     0.223
     0.013	  9450.000	  7360.000	   100.000	  7985.000	  1342.000	  8191.000	 67105.000	   206.000	     0.223
     0.012	  9550.000	  7440.000	   100.000	  8335.000	  1421.000	  8532.000	 71060.000	   197.000	     0.223
     0.011	  9650.000	  7520.000	   100.000	  9500.000	  1625.000	  9715.000	 81268.000	   215.000	     0.223
     0.013	  9750.000	  7600.000	   100.000	  7697.000	  1325.000	  7873.000	 66295.000	   176.000	     0.222
     0.010	  9850.000	  7680.000	   100.000	 10033.000	  1715.000	 10251.000	 85798.000	   218.000	     0.223
     0.012	  9950.000	  7760.000	   100.000	  8504.000	  1438.000	  8700.000	 71915.000	   196.000	     0.223
     0.010	 10050.000	  7840.000	   100.000	 10473.000	  1808.000	 10697.000	 90444.000	   224.000	     0.223
     0.012	 10150.000	  7920.000	   100.000	  8046.000	  1369.000	  8233.000	 68463.000	   187.000	     0.223
     0.010	 10250.000	  8000.000	   100.000	 10365.000	  1766.000	 10583.000	 88332.000	   218.000	     0.223
     0.010	 10350.000	  8080.000	   100.000	  9892.000	  1708.000	 10112.000	 85451.000	   220.000	     0.223
     0.010	 10450.000	  8160.000	   100.000	 10249.000	  1763.000	 10455.000	 88165.000	   206.000	     0.223
     0.011	 10550.000	  8240.000	   100.000	  9407.000	  1586.000	  9610.000	 79350.000	   203.000	     0.223
     0.010	 10650.000	  8320.000	   100.000	 10071.000	  1695.000	 10280.000	 84776.000	   209.000	     0.223
     0.012	 10750.000	  8400.000	   100.000	  8419.000	  1429.000	  8607.000	 71469.000	   188.000	     0.223
     0.009	 10850.000	  8480.000	   100.000	 11482.000	  1935.000	 11686.000	 96757.000	   204.000	     0.223
     0.009	 10950.000	  8560.000	   100.000	 11107.000	  1890.000	 11346.000	 94515.000	   239.000	     0.223
     0.009	 11050.000	  8640.000	   100.000	 11306.000	  5333.000	 11589.000	266658.000	   283.000	     0.223
     0.009	 11150.000	  8720.000	   100.000	 11117.000	  5223.000	 11418.000	261205.000	   301.000	     0.223
     0.008	 11250.000	  8800.000	   100.000	 12228.000	  2081.000	 12469.000	104075.000	   241.000	     0.223
     0.010	 11350.000	  8880.000	   100.000	  9955.000	  1715.000	 10151.000	 85764.000	   196.000	     0.223
     0.008	 11450.000	  8960.000	   100.000	 12736.000	  2174.000	 12979.000	108717.000	   243.000	     0.223
     0.008	 11550.000	  9040.000	   100.000	 12389.000	  2117.000	 12606.000	105859.000	   217.000	     0.223
     0.008	 11650.000	  9120.000	   100.000	 13039.000	  2236.000	 13276.000	111845.000	   237.000	     0.223
     0.007	 11750.000	  9200.000	   100.000	 13338.000	  2275.000	 13579.000	113767.000	   241.000	     0.223
     0.007	 11850.000	  9280.000	   100.000	 13464.000	  2284.000	 13701.000	114221.000	   237.000	     0.223
     0.007	 11950.000	  9360.000	   100.000	 14498.000	  2487.000	 14727.000	124372.000	   229.000	     0.223
     0.007	 12050.000	  9440.000	   100.000	 14545.000	  2477.000	 14793.000	123880.000	   248.000	     0.223
     0.008	 12150.000	  9520.000	   100.000	 12761.000	  2154.000	 12983.000	107738.000	   222.000	     0.223
     0.008	 12250.000	  9600.000	   100.000	 12974.000	  2215.000	 13182.000	110778.000	   208.000	     0.223
     0.007	 12350.000	  9680.000	   100.000	 13633.000	  2306.000	 13858.000	115313.000	   225.000	     0.223
     0.006	 12450.000	  9760.000	   100.000	 17473.000	  3011.000	 17728.000	150583.000	   255.000	     0.223
     0.007	 12550.000	  9840.000	   100.000	 14269.000	  2424.000	 14500.000	121226.000	   231.000	     0.223
     0.006	 12650.000	  9920.000	   100.000	 16493.000	  2843.000	 16728.000	142202.000	   235.000	     0.223
     0.006	 12750.000	 10000.000	   100.000	 16958.000	  2908.000	 17223.000	145408.000	   265.000	     0.223
     0.006	 12850.000	 10080.000	   100.000	 16384.000	  2779.000	 16615.000	138981.000	   231.000	     0.223
     0.006	 12950.000	 10160.000	   100.000	 16887.000	  2892.000	 17133.000	144610.000	   246.000	     0.223
     0.007	 13050.000	 10240.000	   100.000	 14517.000	  2457.000	 14746.000	122868.000	   229.000	     0.223
     0.007	 13150.000	 10320.000	   100.000	 14388.000	  2488.000	 14607.000	124403.000	   219.000	     0.223
     0.006	 13250.000	 10400.000	   100.000	 16744.000	  2871.000	 17004.000	143570.000	   260.000	     0.223
     0.006	 13350.000	 10480.000	   100.000	 15945.000	  2730.000	 16171.000	136537.000	   226.000	     0.223
     0.007	 13450.000	 10560.000	   100.000	 15202.000	  2636.000	 15440.000	131806.000	   238.000	     0.223
     0.006	 13550.000	 10640.000	   100.000	 15728.000	  2705.000	 15962.000	135280.000	   234.000	     0.223
     0.005	 13650.000	 10720.000	   100.000	 20771.000	  3551.000	 21065.000	177596.000	   294.000	     0.223
     0.005	 13750.000	 10800.000	   100.000	 18509.000	  3141.000	 18777.000	157097.000	   268.000	     0.223
     0.005	 13850.000	 10880.000	   100.000	 19514.000	  3299.000	 19758.000	164968.000	   244.000	     0.223
     0.005	 13950.000	 10960.000	   100.000	 18771.000	  3170.000	 19047.000	158515.000	   276.000	     0.223
     0.006	 14050.000	 11040.000	   100.000	 16413.000	  2802.000	 16657.000	140111.000	   244.000	     0.223
     0.005	 14150.000	 11120.000	   100.000	 20723.000	  3484.000	 21008.000	174238.000	   285.000	     0.223
     0.005	 14250.000	 11200.000	   100.000	 21820.000	  3747.000	 22114.000	187356.000	   294.000	     0.223
     0.005	 14350.000	 11280.000	   100.000	 18827.000	  3213.000	 19092.000	160699.000	   265.000	     0.223
     0.005	 14450.000	 11360.000	   100.000	 21781.000	 10386.000	 22218.000	519355.000	   437.000	     0.223
     0.005	 14550.000	 11440.000	   100.000	 20086.000	  3455.000	 20356.000	172798.000	   270.000	     0.223
     0.005	 14650.000	 11520.000	   100.000	 19860.000	  3418.000	 20117.000	170921.000	   257.000	     0.223
     0.005	 14750.000	 11600.000	   100.000	 21284.000	  3687.000	 21578.000	184360.000	   294.000	     0.223
     0.005	 14850.000	 11680.000	   100.000	 19883.000	  3406.000	 20149.000	170338.000	   266.000	     0.223
     0.005	 14950.000	 11760.000	   100.000	 19348.000	  3308.000	 19605.000	165438.000	   257.000	     0.223
     0.005	 15050.000	 11840.000	   100.000	 20808.000	  3584.000	 21088.000	179239.000	   280.000	     0.223
     0.005	 15150.000	 11920.000	   100.000	 20312.000	  3485.000	 20588.000	174304.000	   276.000	     0.223
     0.005	 15250.000	 12000.000	   100.000	 21019.000	  3579.000	 21288.000	179003.000	   269.000	     0.223
     0.004	 15350.000	 12080.000	   100.000	 22445.000	  3833.000	 22737.000	191679.000	   292.000	     0.223
     0.004	 15450.000	 12160.000	   100.000	 24108.000	  4150.000	 24392.000	207538.000	   284.000	     0.223
     0.005	 15550.000	 12240.000	   100.000	 21714.000	  3664.000	 21979.000	183250.000	   265.000	     0.223
     0.004	 15650.000	 12320.000	   100.000	 23082.000	  3985.000	 23369.000	199303.000	   287.000	     0.223
     0.003	 15750.000	 12400.000	   100.000	 28694.000	  4955.000	 29016.000	247758.000	   322.000	     0.223
     0.004	 15850.000	 12480.000	   100.000	 27086.000	  4638.000	 27389.000	231927.000	   303.000	     0.223
     0.004	 15950.000	 12560.000	   100.000	 25807.000	  4425.000	 26111.000	221288.000	   304.000	     0.223
     0.005	 16050.000	 12640.000	   100.000	 20676.000	  3537.000	 20924.000	176901.000	   248.000	     0.223
     0.004	 16150.000	 12720.000	   100.000	 22249.000	  3839.000	 22541.000	191971.000	   292.000	     0.223
     0.004	 16250.000	 12800.000	   100.000	 23543.000	  4058.000	 23849.000	202927.000	   306.000	     0.223
     0.004	 16350.000	 12880.000	   100.000	 25494.000	  4372.000	 25798.000	218610.000	   304.000	     0.223
     0.005	 16450.000	 12960.000	   100.000	 21204.000	  3574.000	 21477.000	178734.000	   273.000	     0.223
     0.004	 16550.000	 13040.000	   100.000	 23500.000	  4031.000	 23801.000	201595.000	   301.000	     0.223
     0.003	 16650.000	 13120.000	   100.000	 29393.000	  5061.000	 29722.000	253092.000	   329.000	     0.223
     0.004	 16750.000	 13200.000	   100.000	 27492.000	  4732.000	 27812.000	236643.000	   320.000	     0.223
     0.003	 16850.000	 13280.000	   100.000	 29463.000	  5056.000	 29810.000	252808.000	   347.000	     0.223
     0.004	 16950.000	 13360.000	   100.000	 24682.000	  4225.000	 24978.000	211275.000	   296.000	     0.223
     0.004	 17050.000	 13440.000	   100.000	 26918.000	  4610.000	 27244.000	230512.000	   326.000	     0.223
     0.004	 17150.000	 13520.000	   100.000	 27903.000	  4780.000	 28202.000	239030.000	   299.000	     0.223
     0.004	 17250.000	 13600.000	   100.000	 28008.000	  4807.000	 28326.000	240384.000	   318.000	     0.223
     0.004	 17350.000	 13680.000	   100.000	 26188.000	  4510.000	 26477.000	225509.000	   289.000	     0.223
     0.003	 17450.000	 13760.000	   100.000	 31770.000	  5449.000	 32090.000	272485.000	   320.000	     0.223
     0.004	 17550.000	 13840.000	   100.000	 27214.000	  4684.000	 27536.000	234241.000	   322.000	     0.223
     0.003	 17650.000	 13920.000	   100.000	 34033.000	  5861.000	 34424.000	293061.000	   391.000	     0.223
     0.003	 17750.000	 14000.000	   100.000	 29821.000	  5087.000	 30148.000	254379.000	   327.000	     0.223
     0.003	 17850.000	 14080.000	   100.000	 32386.000	  5527.000	 32740.000	276400.000	   354.000	     0.223
     0.003	 17950.000	 14160.000	   100.000	 30254.000	  5197.000	 30574.000	259880.000	   320.000	     0.223
     0.003	 18050.000	 14240.000	   100.000	 30225.000	  5133.000	 30551.000	256673.000	   326.000	     0.223
     0.003	 18150.000	 14320.000	   100.000	 30043.000	  5159.000	 30353.000	257974.000	   310.000	     0.223
