         P           T(ns)       T(points)             N11         N10+N11  Exposition(ms)             Ch1             Ch2         N01+N11            Temp
     0.275	   850.000	   480.000	  1515.000	  5511.000	  1000.000	  7899.000	 50001.000	  2388.000	     0.223
     0.285	   950.000	   560.000	  1555.000	  5448.000	  1000.000	  7759.000	 50002.000	  2311.000	     0.223
     0.258	  1050.000	   640.000	  1446.000	  5595.000	  1000.000	  7703.000	 50001.000	  2108.000	     0.223
     0.241	  1150.000	   720.000	  1335.000	  5542.000	  1000.000	  7523.000	 50001.000	  1981.000	     0.223
     0.228	  1250.000	   800.000	  1250.000	  5481.000	  1000.000	  7325.000	 50002.000	  1844.000	     0.223
     0.204	  1350.000	   880.000	  1124.000	  5520.000	  1000.000	  7168.000	 50001.000	  1648.000	     0.223
     0.201	  1450.000	   960.000	  1127.000	  5602.000	  1000.000	  7251.000	 50001.000	  1649.000	     0.223
     0.190	  1550.000	  1040.000	  1064.000	  5606.000	  1000.000	  7226.000	 50001.000	  1620.000	     0.223
     0.180	  1650.000	  1120.000	   992.000	  5514.000	  1000.000	  6978.000	 50001.000	  1464.000	     0.224
     0.182	  1750.000	  1200.000	   361.000	  1979.000	  1000.000	  2487.000	 50002.000	   508.000	     0.224
     0.163	  1850.000	  1280.000	   895.000	  5504.000	  1000.000	  6821.000	 50001.000	  1317.000	     0.224
     0.154	  1950.000	  1360.000	   852.000	  5543.000	  1000.000	  6826.000	 50001.000	  1283.000	     0.224
     0.147	  2050.000	  1440.000	   826.000	  5616.000	  1000.000	  6849.000	 50001.000	  1233.000	     0.224
     0.138	  2150.000	  1520.000	   771.000	  5582.000	  1000.000	  6712.000	 50002.000	  1130.000	     0.224
     0.141	  2250.000	  1600.000	   791.000	  5613.000	  1000.000	  6746.000	 50001.000	  1133.000	     0.224
     0.125	  2350.000	  1680.000	   686.000	  5502.000	  1000.000	  6531.000	 50001.000	  1029.000	     0.224
     0.123	  2450.000	  1760.000	   682.000	  5557.000	  1000.000	  6562.000	 50001.000	  1005.000	     0.224
     0.119	  2550.000	  1840.000	   668.000	  5613.000	  1000.000	  6587.000	 50001.000	   974.000	     0.224
     0.108	  2650.000	  1920.000	   611.000	  5663.000	  1000.000	  6583.000	 50001.000	   920.000	     0.224
     0.103	  2750.000	  2000.000	   578.000	  5588.000	  1000.000	  6441.000	 50001.000	   853.000	     0.224
     0.097	  2850.000	  2080.000	   536.000	  5546.000	  1000.000	  6346.000	 50001.000	   800.000	     0.224
     0.099	  2950.000	  2160.000	   552.000	  5555.000	  1000.000	  6378.000	 50001.000	   823.000	     0.224
     0.085	  3050.000	  2240.000	   471.000	  5571.000	  1000.000	  6313.000	 50002.000	   742.000	     0.224
     0.093	  3150.000	  2320.000	   181.000	  1944.000	  1000.000	  2216.000	 50001.000	   272.000	     0.224
     0.075	  3250.000	  2400.000	   415.000	  5497.000	  1000.000	  6120.000	 50001.000	   623.000	     0.224
     0.083	  3350.000	  2480.000	   461.000	  5542.000	  1000.000	  6252.000	 50001.000	   710.000	     0.224
     0.071	  3450.000	  2560.000	   391.000	  5469.000	  1000.000	  6094.000	 50001.000	   625.000	     0.223
     0.074	  3550.000	  2640.000	   404.000	  5476.000	  1000.000	  6091.000	 50001.000	   615.000	     0.223
     0.068	  3650.000	  2720.000	   384.000	  5636.000	  1000.000	  6198.000	 50001.000	   562.000	     0.224
     0.064	  3750.000	  2800.000	   357.000	  5563.000	  1000.000	  6114.000	 50001.000	   551.000	     0.224
     0.060	  3850.000	  2880.000	   339.000	  5652.000	  1000.000	  6173.000	 50001.000	   521.000	     0.224
     0.061	  3950.000	  2960.000	   338.000	  5583.000	  1000.000	  6108.000	 50001.000	   525.000	     0.224
     0.056	  4050.000	  3040.000	   315.000	  5631.000	  1000.000	  6122.000	 50001.000	   491.000	     0.224
     0.054	  4150.000	  3120.000	   303.000	  5626.000	  1000.000	  6108.000	 50001.000	   482.000	     0.223
     0.052	  4250.000	  3200.000	   284.000	  5504.000	  1000.000	  5957.000	 50001.000	   453.000	     0.224
     0.048	  4350.000	  3280.000	   267.000	  5548.000	  1000.000	  5962.000	 50001.000	   414.000	     0.224
     0.051	  4450.000	  3360.000	   282.000	  5534.000	  1000.000	  5986.000	 50001.000	   452.000	     0.224
     0.048	  4550.000	  3440.000	   264.000	  5513.000	  1000.000	  5959.000	 50002.000	   446.000	     0.224
     0.044	  4650.000	  3520.000	   244.000	  5595.000	  1000.000	  5976.000	 50001.000	   381.000	     0.224
     0.044	  4750.000	  3600.000	   243.000	  5553.000	  1000.000	  5950.000	 50001.000	   397.000	     0.224
     0.046	  4850.000	  3680.000	   260.000	  5607.000	  1000.000	  6018.000	 50001.000	   411.000	     0.224
     0.039	  4950.000	  3760.000	   220.000	  5605.000	  1000.000	  5962.000	 50001.000	   357.000	     0.224
     0.035	  5050.000	  3840.000	   190.000	  5502.000	  1000.000	  5819.000	 50001.000	   317.000	     0.224
     0.036	  5150.000	  3920.000	   200.000	  5509.000	  1000.000	  5844.000	 50001.000	   335.000	     0.224
     0.036	  5250.000	  4000.000	   201.000	  5596.000	  1000.000	  5934.000	 50001.000	   338.000	     0.224
     0.034	  5350.000	  4080.000	   188.000	  5468.000	  1000.000	  5780.000	 50001.000	   312.000	     0.224
     0.035	  5450.000	  4160.000	   194.000	  5507.000	  1000.000	  5830.000	 50001.000	   323.000	     0.224
     0.031	  5550.000	  4240.000	   171.000	  5541.000	  1000.000	  5824.000	 50001.000	   283.000	     0.224
     0.028	  5650.000	  4320.000	   159.000	  5651.000	  1000.000	  5937.000	 50001.000	   286.000	     0.224
     0.030	  5750.000	  4400.000	   167.000	  5571.000	  1000.000	  5850.000	 50002.000	   279.000	     0.224
     0.028	  5850.000	  4480.000	    56.000	  2010.000	  1000.000	  2117.000	 50001.000	   107.000	     0.224
     0.023	  5950.000	  4560.000	   126.000	  5513.000	  1000.000	  5748.000	 50002.000	   235.000	     0.224
     0.025	  6050.000	  4640.000	   138.000	  5623.000	  1000.000	  5878.000	 50001.000	   255.000	     0.224
     0.021	  6150.000	  4720.000	   115.000	  5512.000	  1000.000	  5709.000	 50001.000	   197.000	     0.224
     0.024	  6250.000	  4800.000	   138.000	  5685.000	  1000.000	  5920.000	 50001.000	   235.000	     0.224
     0.023	  6350.000	  4880.000	   128.000	  5666.000	  1000.000	  5894.000	 50001.000	   228.000	     0.224
     0.020	  6450.000	  4960.000	   112.000	  5635.000	  1000.000	  5834.000	 50001.000	   199.000	     0.224
     0.021	  6550.000	  5040.000	   118.000	  5598.000	  1000.000	  5789.000	 50001.000	   191.000	     0.224
     0.021	  6650.000	  5120.000	   116.000	  5537.000	  1000.000	  5738.000	 50001.000	   201.000	     0.224
     0.016	  6750.000	  5200.000	    88.000	  5507.000	  1000.000	  5674.000	 50001.000	   167.000	     0.224
     0.020	  6850.000	  5280.000	   112.000	  5492.000	  1000.000	  5676.000	 50001.000	   184.000	     0.224
     0.019	  6950.000	  5360.000	   102.000	  5449.000	  1000.000	  5640.000	 50001.000	   191.000	     0.224
     0.023	  7050.000	  5440.000	   124.000	  5373.000	  1000.000	  5591.000	 50001.000	   218.000	     0.224
     0.017	  7150.000	  5520.000	    97.000	  5562.000	  1000.000	  5752.000	 50002.000	   190.000	     0.224
     0.017	  7250.000	  5600.000	    94.000	  5630.000	  1000.000	  5799.000	 50001.000	   169.000	     0.224
     0.016	  7350.000	  5680.000	    87.000	  5574.000	  1000.000	  5732.000	 50001.000	   158.000	     0.224
     0.017	  7450.000	  5760.000	    95.000	  5533.000	  1000.000	  5711.000	 50001.000	   178.000	     0.224
     0.015	  7550.000	  5840.000	    84.000	  5660.000	  1000.000	  5812.000	 50001.000	   152.000	     0.224
     0.013	  7650.000	  5920.000	    72.000	  5587.000	  1000.000	  5729.000	 50001.000	   142.000	     0.224
     0.015	  7750.000	  6000.000	    84.000	  5593.000	  1000.000	  5749.000	 50002.000	   156.000	     0.224
     0.012	  7850.000	  6080.000	    69.000	  5532.000	  1000.000	  5677.000	 50002.000	   145.000	     0.224
     0.014	  7950.000	  6160.000	    76.000	  5404.000	  1000.000	  5546.000	 50001.000	   142.000	     0.224
     0.012	  8050.000	  6240.000	    68.000	  5566.000	  1000.000	  5708.000	 50001.000	   142.000	     0.224
     0.011	  8150.000	  6320.000	    62.000	  5533.000	  1000.000	  5670.000	 50001.000	   137.000	     0.224
     0.012	  8250.000	  6400.000	    68.000	  5538.000	  1000.000	  5671.000	 50001.000	   133.000	     0.224
     0.013	  8350.000	  6480.000	    75.000	  5565.000	  1000.000	  5706.000	 50001.000	   141.000	     0.224
     0.013	  8450.000	  6560.000	    76.000	  5677.000	  1000.000	  5821.000	 50001.000	   144.000	     0.224
     0.012	  8550.000	  6640.000	    24.000	  2003.000	  1000.000	  2061.000	 50002.000	    58.000	     0.224
     0.015	  8650.000	  6720.000	    81.000	  5433.000	  1000.000	  5587.000	 50002.000	   154.000	     0.224
     0.009	  8750.000	  6800.000	    51.000	  5466.000	  1000.000	  5579.000	 50001.000	   113.000	     0.224
     0.010	  8850.000	  6880.000	    58.000	  5632.000	  1000.000	  5758.000	 50001.000	   126.000	     0.224
     0.013	  8950.000	  6960.000	    70.000	  5492.000	  1000.000	  5620.000	 50001.000	   128.000	     0.224
     0.011	  9050.000	  7040.000	    64.000	  5614.000	  1000.000	  5735.000	 50001.000	   121.000	     0.224
     0.012	  9150.000	  7120.000	    69.000	  5557.000	  1000.000	  5682.000	 50002.000	   125.000	     0.224
     0.009	  9250.000	  7200.000	    52.000	  5651.000	  1000.000	  5769.000	 50001.000	   118.000	     0.224
     0.010	  9350.000	  7280.000	    58.000	  5628.000	  1000.000	  5740.000	 50002.000	   112.000	     0.224
     0.010	  9450.000	  7360.000	    55.000	  5494.000	  1000.000	  5615.000	 50001.000	   121.000	     0.224
     0.011	  9550.000	  7440.000	    60.000	  5565.000	  1000.000	  5685.000	 50001.000	   120.000	     0.224
     0.010	  9650.000	  7520.000	    56.000	  5452.000	  1000.000	  5568.000	 50002.000	   116.000	     0.224
     0.008	  9750.000	  7600.000	    42.000	  5496.000	  1000.000	  5596.000	 50001.000	   100.000	     0.224
     0.008	  9850.000	  7680.000	    46.000	  5570.000	  1000.000	  5682.000	 50001.000	   112.000	     0.224
     0.009	  9950.000	  7760.000	    47.000	  5516.000	  1000.000	  5628.000	 50001.000	   112.000	     0.224
     0.008	 10050.000	  7840.000	    41.000	  5421.000	  1000.000	  5520.000	 50001.000	    99.000	     0.224
     0.008	 10150.000	  7920.000	    46.000	  5648.000	  1000.000	  5757.000	 50001.000	   109.000	     0.224
     0.007	 10250.000	  8000.000	    41.000	  5582.000	  1000.000	  5683.000	 50001.000	   101.000	     0.224
     0.009	 10350.000	  8080.000	    50.000	  5606.000	  1000.000	  5719.000	 50002.000	   113.000	     0.224
     0.007	 10450.000	  8160.000	    13.000	  1955.000	  1000.000	  1989.000	 50001.000	    34.000	     0.224
     0.005	 10550.000	  8240.000	    29.000	  5440.000	  1000.000	  5534.000	 50002.000	    94.000	     0.224
     0.007	 10650.000	  8320.000	    40.000	  5471.000	  1000.000	  5568.000	 50001.000	    97.000	     0.224
     0.008	 10750.000	  8400.000	    43.000	  5541.000	  1000.000	  5635.000	 50001.000	    94.000	     0.224
     0.007	 10850.000	  8480.000	    41.000	  5509.000	  1000.000	  5619.000	 50001.000	   110.000	     0.224
     0.006	 10950.000	  8560.000	    33.000	  5440.000	  1000.000	  5525.000	 50001.000	    85.000	     0.224
     0.006	 11050.000	  8640.000	    33.000	  5486.000	  1000.000	  5569.000	 50001.000	    83.000	     0.224
     0.007	 11150.000	  8720.000	    37.000	  5604.000	  1000.000	  5695.000	 50001.000	    91.000	     0.224
     0.007	 11250.000	  8800.000	    41.000	  5617.000	  1000.000	  5722.000	 50002.000	   105.000	     0.224
     0.007	 11350.000	  8880.000	    36.000	  5466.000	  1000.000	  5550.000	 50001.000	    84.000	     0.224
     0.007	 11450.000	  8960.000	    38.000	  5548.000	  1000.000	  5635.000	 50001.000	    87.000	     0.224
     0.006	 11550.000	  9040.000	    35.000	  5504.000	  1000.000	  5596.000	 50001.000	    92.000	     0.224
     0.005	 11650.000	  9120.000	    28.000	  5556.000	  1000.000	  5635.000	 50001.000	    79.000	     0.224
     0.005	 11750.000	  9200.000	    28.000	  5591.000	  1000.000	  5678.000	 50001.000	    87.000	     0.224
     0.005	 11850.000	  9280.000	    26.000	  5494.000	  1000.000	  5560.000	 50002.000	    66.000	     0.224
     0.004	 11950.000	  9360.000	    23.000	  5504.000	  1000.000	  5578.000	 50001.000	    74.000	     0.224
     0.004	 12050.000	  9440.000	    24.000	  5538.000	  1000.000	  5614.000	 50002.000	    76.000	     0.224
     0.005	 12150.000	  9520.000	    28.000	  5606.000	  1000.000	  5694.000	 50001.000	    88.000	     0.224
     0.005	 12250.000	  9600.000	    29.000	  5548.000	  1000.000	  5627.000	 50002.000	    79.000	     0.224
     0.006	 12350.000	  9680.000	    36.000	  5544.000	  1000.000	  5635.000	 50001.000	    91.000	     0.224
     0.004	 12450.000	  9760.000	    20.000	  5524.000	  1000.000	  5587.000	 50001.000	    63.000	     0.224
     0.005	 12550.000	  9840.000	    28.000	  5521.000	  1000.000	  5598.000	 50001.000	    77.000	     0.224
     0.004	 12650.000	  9920.000	    24.000	  5549.000	  1000.000	  5630.000	 50002.000	    81.000	     0.224
     0.006	 12750.000	 10000.000	    31.000	  5520.000	  1000.000	  5605.000	 50001.000	    85.000	     0.224
     0.005	 12850.000	 10080.000	    25.000	  5416.000	  1000.000	  5483.000	 50001.000	    67.000	     0.224
     0.006	 12950.000	 10160.000	    31.000	  5577.000	  1000.000	  5661.000	 50002.000	    84.000	     0.224
     0.006	 13050.000	 10240.000	    32.000	  5413.000	  1000.000	  5504.000	 50001.000	    91.000	     0.224
     0.005	 13150.000	 10320.000	    25.000	  5472.000	  1000.000	  5551.000	 50001.000	    79.000	     0.224
     0.005	 13250.000	 10400.000	    26.000	  5520.000	  1000.000	  5604.000	 50002.000	    84.000	     0.224
     0.005	 13350.000	 10480.000	    27.000	  5441.000	  1000.000	  5504.000	 50001.000	    63.000	     0.224
     0.003	 13450.000	 10560.000	     5.000	  1979.000	  1000.000	  2012.000	 50001.000	    33.000	     0.224
     0.005	 13550.000	 10640.000	    26.000	  5530.000	  1000.000	  5606.000	 50001.000	    76.000	     0.224
     0.003	 13650.000	 10720.000	    17.000	  5522.000	  1000.000	  5591.000	 50001.000	    69.000	     0.224
     0.004	 13750.000	 10800.000	    25.000	  5642.000	  1000.000	  5712.000	 50001.000	    70.000	     0.224
     0.003	 13850.000	 10880.000	    19.000	  5468.000	  1000.000	  5530.000	 50001.000	    62.000	     0.224
     0.004	 13950.000	 10960.000	    24.000	  5587.000	  1000.000	  5646.000	 50001.000	    59.000	     0.224
     0.004	 14050.000	 11040.000	    20.000	  5424.000	  1000.000	  5488.000	 50001.000	    64.000	     0.224
     0.004	 14150.000	 11120.000	    24.000	  5541.000	  1000.000	  5603.000	 50001.000	    62.000	     0.224
     0.004	 14250.000	 11200.000	    21.000	  5449.000	  1000.000	  5514.000	 50001.000	    65.000	     0.224
     0.004	 14350.000	 11280.000	    24.000	  5561.000	  1000.000	  5646.000	 50001.000	    85.000	     0.224
     0.004	 14450.000	 11360.000	    24.000	  5506.000	  1000.000	  5568.000	 50002.000	    62.000	     0.224
     0.004	 14550.000	 11440.000	    22.000	  5452.000	  1000.000	  5515.000	 50001.000	    63.000	     0.224
     0.005	 14650.000	 11520.000	    25.000	  5522.000	  1000.000	  5575.000	 50001.000	    53.000	     0.224
     0.003	 14750.000	 11600.000	    16.000	  5426.000	  1000.000	  5496.000	 50002.000	    70.000	     0.224
     0.003	 14850.000	 11680.000	     6.000	  2046.000	  1000.000	  2075.000	 50001.000	    29.000	     0.224
     0.003	 14950.000	 11760.000	    17.000	  5524.000	  1000.000	  5581.000	 50001.000	    57.000	     0.224
     0.003	 15050.000	 11840.000	    15.000	  5529.000	  1000.000	  5590.000	 50001.000	    61.000	     0.224
     0.005	 15150.000	 11920.000	    27.000	  5561.000	  1000.000	  5635.000	 50001.000	    74.000	     0.224
     0.004	 15250.000	 12000.000	    23.000	  5657.000	  1000.000	  5721.000	 50001.000	    64.000	     0.224
     0.003	 15350.000	 12080.000	    18.000	  5542.000	  1000.000	  5603.000	 50002.000	    61.000	     0.224
     0.003	 15450.000	 12160.000	    17.000	  5558.000	  1000.000	  5625.000	 50001.000	    67.000	     0.224
     0.004	 15550.000	 12240.000	    22.000	  5650.000	  1000.000	  5721.000	 50001.000	    71.000	     0.224
     0.004	 15650.000	 12320.000	    20.000	  5463.000	  1000.000	  5520.000	 50002.000	    57.000	     0.224
     0.002	 15750.000	 12400.000	    12.000	  5568.000	  1000.000	  5620.000	 50001.000	    52.000	     0.224
     0.002	 15850.000	 12480.000	    11.000	  5519.000	  1000.000	  5570.000	 50001.000	    51.000	     0.224
     0.004	 15950.000	 12560.000	    21.000	  5423.000	  1000.000	  5484.000	 50001.000	    61.000	     0.224
     0.005	 16050.000	 12640.000	     9.000	  1993.000	  1000.000	  2030.000	 50002.000	    37.000	     0.224
     0.003	 16150.000	 12720.000	    16.000	  5608.000	  1000.000	  5668.000	 50001.000	    60.000	     0.224
     0.003	 16250.000	 12800.000	    19.000	  5621.000	  1000.000	  5674.000	 50001.000	    53.000	     0.224
     0.003	 16350.000	 12880.000	    19.000	  5620.000	  1000.000	  5684.000	 50001.000	    64.000	     0.224
     0.003	 16450.000	 12960.000	    14.000	  5499.000	  1000.000	  5551.000	 50002.000	    52.000	     0.224
     0.003	 16550.000	 13040.000	    15.000	  5448.000	  1000.000	  5501.000	 50001.000	    53.000	     0.224
     0.002	 16650.000	 13120.000	    11.000	  5559.000	  1000.000	  5605.000	 50001.000	    46.000	     0.224
     0.003	 16750.000	 13200.000	    18.000	  5516.000	  1000.000	  5579.000	 50001.000	    63.000	     0.224
     0.003	 16850.000	 13280.000	    19.000	  5570.000	  1000.000	  5623.000	 50001.000	    53.000	     0.224
     0.003	 16950.000	 13360.000	    15.000	  5541.000	  1000.000	  5600.000	 50001.000	    59.000	     0.224
     0.002	 17050.000	 13440.000	    13.000	  5336.000	  1000.000	  5397.000	 50002.000	    61.000	     0.224
     0.005	 17150.000	 13520.000	    26.000	  5593.000	  1000.000	  5661.000	 50001.000	    68.000	     0.224
     0.004	 17250.000	 13600.000	    21.000	  5497.000	  1000.000	  5560.000	 50001.000	    63.000	     0.224
     0.003	 17350.000	 13680.000	    19.000	  5580.000	  1000.000	  5643.000	 50001.000	    63.000	     0.224
     0.003	 17450.000	 13760.000	    17.000	  5607.000	  1000.000	  5666.000	 50001.000	    59.000	     0.224
     0.003	 17550.000	 13840.000	    16.000	  5526.000	  1000.000	  5589.000	 50001.000	    63.000	     0.224
     0.002	 17650.000	 13920.000	    12.000	  5543.000	  1000.000	  5600.000	 50001.000	    57.000	     0.224
     0.004	 17750.000	 14000.000	    20.000	  5552.000	  1000.000	  5611.000	 50001.000	    59.000	     0.224
     0.003	 17850.000	 14080.000	    19.000	  5550.000	  1000.000	  5613.000	 50001.000	    63.000	     0.224
     0.001	 17950.000	 14160.000	     8.000	  5526.000	  1000.000	  5581.000	 50002.000	    55.000	     0.224
     0.003	 18050.000	 14240.000	    16.000	  5548.000	  1000.000	  5595.000	 50001.000	    47.000	     0.224
     0.002	 18150.000	 14320.000	     9.000	  5555.000	  1000.000	  5592.000	 50002.000	    37.000	     0.224
