P	T(ns)		T(точки)	n		N		Exposition(ms)	Ch1		Ch2
0.286	850.000		960.000		1000.000	3494.000	319.000		5048.000	31961.000
0.261	950.000		1120.000	1000.000	3829.000	359.000		5373.000	35989.000
0.258	1050.000	1280.000	1000.000	3872.000	355.000		5366.000	35536.000
0.220	1150.000	1440.000	1000.000	4551.000	412.000		6124.000	41250.000
0.211	1250.000	1600.000	1000.000	4734.000	425.000		6271.000	42599.000
0.196	1350.000	1760.000	1000.000	5104.000	476.000		6686.000	47660.000
0.180	1450.000	1920.000	1000.000	5552.000	505.000		7137.000	50528.000
0.165	1550.000	2080.000	1000.000	6043.000	550.000		7598.000	55074.000
0.167	1650.000	2240.000	1000.000	5981.000	552.000		7516.000	55209.000
0.153	1750.000	2400.000	1000.000	6548.000	593.000		8079.000	59369.000
0.146	1850.000	2560.000	1000.000	6834.000	619.000		8434.000	61938.000
0.135	1950.000	2720.000	1000.000	7425.000	685.000		9048.000	68585.000
0.127	2050.000	2880.000	1000.000	7877.000	718.000		9420.000	71877.000
0.128	2150.000	3040.000	1000.000	7816.000	721.000		9342.000	72148.000
0.110	2250.000	3200.000	1000.000	9096.000	834.000		10675.000	83491.000
0.103	2350.000	3360.000	1000.000	9693.000	895.000		11354.000	89549.000
0.100	2450.000	3520.000	1000.000	9965.000	924.000		11567.000	92495.000
0.093	2550.000	3680.000	1000.000	10768.000	976.000		12346.000	97658.000
0.092	2650.000	3840.000	1000.000	10867.000	986.000		12483.000	98652.000
0.081	2750.000	4000.000	1000.000	12384.000	1156.000	14040.000	115697.000
0.080	2850.000	4160.000	1000.000	12446.000	1138.000	14051.000	113861.000
0.077	2950.000	4320.000	1000.000	13040.000	1204.000	14654.000	120479.000
0.070	3050.000	4480.000	1000.000	14235.000	1304.000	15878.000	130443.000
0.067	3150.000	4640.000	1000.000	14852.000	1367.000	16486.000	136705.000
0.061	3250.000	4800.000	1000.000	16449.000	1509.000	18234.000	150905.000
0.062	3350.000	4960.000	1000.000	16153.000	1476.000	17907.000	147620.000
0.058	3450.000	5120.000	1000.000	17338.000	1575.000	19008.000	157559.000
0.055	3550.000	5280.000	1000.000	18316.000	1681.000	19985.000	168133.000
0.056	3650.000	5440.000	1000.000	17999.000	1643.000	19635.000	164391.000
0.048	3750.000	5600.000	1000.000	20948.000	1941.000	22688.000	194191.000
0.047	3850.000	5760.000	1000.000	21284.000	1975.000	23027.000	197542.000
0.045	3950.000	5920.000	1000.000	22295.000	2040.000	24043.000	204082.000
0.040	4050.000	6080.000	1000.000	24917.000	2293.000	26767.000	229320.000
0.039	4150.000	6240.000	1000.000	25573.000	2350.000	27614.000	235021.000
0.039	4250.000	6400.000	1000.000	25964.000	2392.000	27721.000	239216.000
0.034	4350.000	6560.000	1000.000	29405.000	2720.000	31300.000	272025.000
0.035	4450.000	6720.000	1000.000	28316.000	2601.000	30141.000	260175.000
0.034	4550.000	6880.000	1000.000	29057.000	2660.000	30862.000	266033.000
0.031	4650.000	7040.000	1000.000	32701.000	3017.000	34557.000	301749.000
0.030	4750.000	7200.000	1000.000	32880.000	3047.000	34780.000	304711.000
0.029	4850.000	7360.000	1000.000	34574.000	3148.000	36413.000	314810.000
0.028	4950.000	7520.000	1000.000	35315.000	3251.000	37192.000	325150.000
0.026	5050.000	7680.000	1000.000	38178.000	3515.000	40077.000	351548.000
0.024	5150.000	7840.000	1000.000	41706.000	3863.000	43679.000	386403.000
0.024	5250.000	8000.000	1000.000	42391.000	3927.000	44402.000	392711.000
0.022	5350.000	8160.000	1000.000	46048.000	4242.000	48099.000	424228.000
0.022	5450.000	8320.000	1000.000	46180.000	4289.000	48141.000	428998.000
0.021	5550.000	8480.000	1000.000	48480.000	4470.000	50528.000	447046.000
0.019	5650.000	8640.000	1000.000	51359.000	4775.000	53418.000	477520.000
0.019	5750.000	8800.000	1000.000	52899.000	4885.000	54967.000	488541.000
0.019	5850.000	8960.000	1000.000	51632.000	4770.000	53658.000	477038.000
0.018	5950.000	9120.000	1000.000	55105.000	5137.000	57247.000	513804.000
0.016	6050.000	9280.000	1000.000	61779.000	5683.000	63988.000	568370.000
0.017	6150.000	9440.000	1000.000	59702.000	5510.000	61836.000	551064.000
0.016	6250.000	9600.000	1000.000	60797.000	5634.000	62939.000	563480.000
0.016	6350.000	9760.000	1000.000	63256.000	5827.000	65422.000	582741.000
0.015	6450.000	9920.000	1000.000	66254.000	6146.000	68495.000	614696.000
0.015	6550.000	10080.000	1000.000	66268.000	6104.000	68440.000	610507.000
0.014	6650.000	10240.000	1000.000	71274.000	6584.000	73501.000	658490.000
0.013	6750.000	10400.000	1000.000	75718.000	6996.000	77993.000	699677.000
0.013	6850.000	10560.000	1000.000	76806.000	7102.000	79101.000	710294.000
0.013	6950.000	10720.000	1000.000	76614.000	7095.000	78965.000	709591.000
0.013	7050.000	10880.000	1000.000	78654.000	7279.000	80962.000	727941.000
0.011	7150.000	11040.000	1000.000	88333.000	8166.000	90833.000	816685.000
0.011	7250.000	11200.000	1000.000	90654.000	8352.000	93147.000	835311.000
0.011	7350.000	11360.000	1000.000	95061.000	8803.000	97616.000	880365.000
0.011	7450.000	11520.000	1000.000	94264.000	8746.000	96799.000	874713.000
0.011	7550.000	11680.000	1000.000	95214.000	8783.000	97687.000	878383.000
0.010	7650.000	11840.000	1000.000	97449.000	8996.000	99968.000	899715.000
0.010	7750.000	12000.000	1000.000	104066.000	9570.000	106668.000	957036.000
0.009	7850.000	12160.000	1000.000	105531.000	9766.000	108199.000	976698.000
0.009	7950.000	12320.000	1000.000	108332.000	10027.000	110944.000	1002803.000
0.009	8050.000	12480.000	1000.000	110178.000	10133.000	112847.000	1013419.000
0.009	8150.000	12640.000	1000.000	115780.000	10653.000	118491.000	1065401.000
0.009	8250.000	12800.000	1000.000	115618.000	10677.000	118290.000	1067764.000
0.008	8350.000	12960.000	1000.000	122983.000	11342.000	125822.000	1134286.000
0.008	8450.000	13120.000	1000.000	125815.000	11617.000	128541.000	1161754.000
0.008	8550.000	13280.000	1000.000	129830.000	12007.000	132715.000	1200792.000
0.008	8650.000	13440.000	1000.000	127959.000	11788.000	130720.000	1178926.000
0.007	8750.000	13600.000	1000.000	140875.000	12989.000	143804.000	1298951.000
0.007	8850.000	13760.000	1000.000	139753.000	12852.000	142673.000	1285327.000
0.007	8950.000	13920.000	1000.000	137863.000	12746.000	140793.000	1274712.000
0.007	9050.000	14080.000	1000.000	140230.000	12890.000	143074.000	1289097.000
0.006	9150.000	14240.000	1000.000	154782.000	14220.000	157871.000	1422113.000
0.007	9250.000	14400.000	1000.000	140841.000	12968.000	144183.000	1296863.000
0.006	9350.000	14560.000	1000.000	154930.000	14315.000	159295.000	1431590.000
0.006	9450.000	14720.000	1000.000	158003.000	14610.000	162437.000	1461102.000
