P			T(ns)		T(точки)	n	N		Exposition(ms)	Ch1		Ch2		SS	Temp
0.297	850.000	240.000	1000.000	3372.000	1155.000	5103.000	28891.000	1731.000	0.223
0.284	950.000	280.000	1000.000	3518.000	1162.000	5109.000	29053.000	1591.000	0.224
0.269	1050.000	320.000	1000.000	3723.000	1228.000	5327.000	30716.000	1604.000	0.224
0.240	1150.000	360.000	1000.000	4172.000	1409.000	5828.000	35234.000	1656.000	0.224
0.235	1250.000	400.000	1000.000	4249.000	1466.000	5829.000	36666.000	1580.000	0.224
0.215	1350.000	440.000	1000.000	4649.000	1559.000	6268.000	38984.000	1619.000	0.224
0.206	1450.000	480.000	1000.000	4859.000	1650.000	6466.000	41274.000	1607.000	0.224
0.197	1550.000	520.000	1000.000	5080.000	1699.000	6661.000	42487.000	1581.000	0.223
0.192	1650.000	560.000	1000.000	5204.000	1720.000	6765.000	43020.000	1561.000	0.223
0.188	1750.000	600.000	1000.000	5330.000	1786.000	6965.000	44673.000	1635.000	0.223
0.171	1850.000	640.000	1000.000	5841.000	2003.000	7419.000	50092.000	1578.000	0.224
0.160	1950.000	680.000	1000.000	6262.000	2144.000	7886.000	53614.000	1624.000	0.224
0.156	2050.000	720.000	1000.000	6401.000	2157.000	7972.000	53928.000	1571.000	0.224
0.140	2150.000	760.000	1000.000	7126.000	2422.000	8759.000	60559.000	1633.000	0.223
0.133	2250.000	800.000	1000.000	7510.000	2600.000	9178.000	65004.000	1668.000	0.224
0.127	2350.000	840.000	1000.000	7900.000	2668.000	9557.000	66722.000	1657.000	0.224
0.130	2450.000	880.000	1000.000	7670.000	2610.000	9218.000	65254.000	1548.000	0.224
0.118	2550.000	920.000	1000.000	8481.000	2832.000	10059.000	70812.000	1578.000	0.224
0.109	2650.000	960.000	1000.000	9137.000	3101.000	10773.000	77532.000	1636.000	0.224
0.109	2750.000	1000.000	1000.000	9206.000	3092.000	10781.000	77327.000	1575.000	0.224
0.103	2850.000	1040.000	1000.000	9703.000	3305.000	11374.000	82640.000	1671.000	0.224
0.104	2950.000	1080.000	1000.000	9645.000	3261.000	11202.000	81537.000	1557.000	0.224
0.095	3050.000	1120.000	1000.000	10531.000	3536.000	12160.000	88417.000	1629.000	0.224
0.090	3150.000	1160.000	1000.000	11087.000	3725.000	12697.000	93134.000	1610.000	0.224
0.084	3250.000	1200.000	1000.000	11964.000	4030.000	13562.000	100761.000	1598.000	0.224
0.080	3350.000	1240.000	1000.000	12462.000	4202.000	14080.000	105078.000	1618.000	0.224
0.078	3450.000	1280.000	1000.000	12862.000	4358.000	14530.000	108959.000	1668.000	0.224
0.077	3550.000	1320.000	1000.000	12973.000	4385.000	14563.000	109642.000	1590.000	0.224
0.071	3650.000	1360.000	1000.000	14084.000	4687.000	15744.000	117191.000	1660.000	0.224
0.067	3750.000	1400.000	1000.000	14824.000	4990.000	16436.000	124760.000	1612.000	0.224
0.068	3850.000	1440.000	1000.000	14605.000	4903.000	16188.000	122580.000	1583.000	0.224
0.064	3950.000	1480.000	1000.000	15651.000	5263.000	17261.000	131593.000	1610.000	0.224
0.059	4050.000	1520.000	1000.000	16823.000	5733.000	18438.000	143340.000	1615.000	0.224
0.055	4150.000	1560.000	1000.000	18140.000	6070.000	19812.000	151773.000	1672.000	0.223
0.055	4250.000	1600.000	1000.000	18154.000	6180.000	19787.000	154518.000	1633.000	0.224
0.054	4350.000	1640.000	1000.000	18478.000	6272.000	20119.000	156824.000	1641.000	0.224
0.051	4450.000	1680.000	1000.000	19651.000	6680.000	21329.000	167017.000	1678.000	0.223
0.046	4550.000	1720.000	1000.000	21611.000	7331.000	23286.000	183302.000	1675.000	0.223
0.049	4650.000	1760.000	1000.000	20521.000	6935.000	22200.000	173391.000	1679.000	0.224
0.046	4750.000	1800.000	1000.000	21597.000	7282.000	23275.000	182063.000	1678.000	0.224
0.045	4850.000	1840.000	1000.000	22428.000	7566.000	24141.000	189172.000	1713.000	0.224
0.041	4950.000	1880.000	1000.000	24467.000	8335.000	26141.000	208382.000	1674.000	0.224
0.040	5050.000	1920.000	1000.000	24928.000	8468.000	26673.000	211720.000	1745.000	0.224
0.040	5150.000	1960.000	1000.000	24823.000	8437.000	26424.000	210939.000	1601.000	0.223
0.036	5250.000	2000.000	1000.000	27743.000	9351.000	29487.000	233788.000	1744.000	0.223
0.035	5350.000	2040.000	1000.000	28510.000	9660.000	30254.000	241525.000	1744.000	0.223
0.035	5450.000	2080.000	1000.000	28856.000	9749.000	30524.000	243739.000	1668.000	0.223
0.033	5550.000	2120.000	1000.000	29953.000	10117.000	31672.000	252942.000	1719.000	0.223
0.031	5650.000	2160.000	1000.000	32066.000	10855.000	33788.000	271402.000	1722.000	0.223
0.029	5750.000	2200.000	1000.000	34271.000	11622.000	36056.000	290581.000	1785.000	0.223
0.030	5850.000	2240.000	1000.000	33454.000	11325.000	35151.000	283137.000	1697.000	0.223
0.027	5950.000	2280.000	1000.000	36650.000	12434.000	38417.000	310861.000	1767.000	0.223
0.026	6050.000	2320.000	1000.000	38170.000	13034.000	39962.000	325873.000	1792.000	0.223
0.028	6150.000	2360.000	1000.000	35458.000	12091.000	37157.000	302288.000	1699.000	0.223
0.025	6250.000	2400.000	1000.000	39898.000	13651.000	41694.000	341306.000	1796.000	0.223
0.024	6350.000	2440.000	1000.000	41377.000	14075.000	43166.000	351909.000	1789.000	0.223
0.023	6450.000	2480.000	1000.000	43596.000	14653.000	45424.000	366351.000	1828.000	0.223
0.021	6550.000	2520.000	1000.000	46944.000	15801.000	48807.000	395056.000	1863.000	0.223
0.021	6650.000	2560.000	1000.000	47098.000	15837.000	48930.000	395948.000	1832.000	0.223
0.022	6750.000	2600.000	1000.000	45984.000	15626.000	47803.000	390677.000	1819.000	0.223
0.021	6850.000	2640.000	1000.000	47869.000	16180.000	49699.000	404528.000	1830.000	0.224
0.019	6950.000	2680.000	1000.000	52345.000	17626.000	54138.000	440682.000	1793.000	0.224
0.020	7050.000	2720.000	1000.000	50710.000	17102.000	52542.000	427571.000	1832.000	0.224
0.019	7150.000	2760.000	1000.000	52785.000	17829.000	54604.000	445738.000	1819.000	0.224
0.018	7250.000	2800.000	1000.000	56705.000	19240.000	58572.000	481031.000	1867.000	0.224
0.017	7350.000	2840.000	1000.000	58292.000	19798.000	60176.000	494975.000	1884.000	0.224
0.017	7450.000	2880.000	1000.000	59021.000	19944.000	60940.000	498633.000	1912.000	0.224
0.016	7550.000	2920.000	1000.000	62327.000	20983.000	64218.000	524595.000	1891.000	0.224
0.016	7650.000	2960.000	1000.000	63728.000	21515.000	67046.000	537896.000	1872.000	0.224
0.016	7750.000	3000.000	1000.000	64276.000	21615.000	66213.000	540395.000	1916.000	0.224
0.014	7850.000	3040.000	1000.000	71441.000	24064.000	73473.000	601624.000	2025.000	0.224
0.015	7950.000	3080.000	1000.000	68436.000	23213.000	70308.000	580342.000	1868.000	0.224
0.015	8050.000	3120.000	1000.000	68356.000	23005.000	70283.000	575141.000	1914.000	0.224
0.014	8150.000	3160.000	1000.000	70785.000	24077.000	72720.000	601946.000	1935.000	0.224
0.013	8250.000	3200.000	1000.000	74968.000	25195.000	76880.000	629894.000	1912.000	0.224
0.014	8350.000	3240.000	1000.000	73598.000	24772.000	75490.000	619316.000	1892.000	0.224
0.014	8450.000	3280.000	1000.000	73293.000	24736.000	75189.000	618439.000	1889.000	0.224
0.012	8550.000	3320.000	1000.000	83235.000	28115.000	85221.000	702910.000	1982.000	0.224
0.013	8650.000	3360.000	1000.000	79792.000	26932.000	81675.000	673333.000	1883.000	0.224
0.012	8750.000	3400.000	1000.000	86790.000	29082.000	88760.000	727076.000	1970.000	0.224
0.012	8850.000	3440.000	1000.000	84999.000	28730.000	86957.000	718287.000	1958.000	0.224
0.011	8950.000	3480.000	1000.000	93122.000	31378.000	95183.000	784486.000	2061.000	0.224
0.010	9050.000	3520.000	1000.000	96913.000	32600.000	98970.000	815033.000	2057.000	0.224
0.011	9150.000	3560.000	1000.000	88829.000	29971.000	90796.000	749312.000	1967.000	0.224
0.010	9250.000	3600.000	1000.000	99692.000	33739.000	101757.000	843511.000	2065.000	0.224
0.010	9350.000	3640.000	1000.000	102051.000	34511.000	104134.000	862816.000	2083.000	0.224
0.010	9450.000	3680.000	1000.000	104896.000	35427.000	106967.000	885703.000	2071.000	0.224
0.009	9550.000	3720.000	1000.000	106381.000	35708.000	108431.000	892727.000	2050.000	0.224
0.009	9650.000	3760.000	1000.000	111568.000	37636.000	113634.000	940927.000	2066.000	0.224
0.009	9750.000	3800.000	1000.000	114942.000	38865.000	117062.000	971668.000	2120.000	0.224
0.009	9850.000	3840.000	1000.000	107601.000	36433.000	109664.000	910853.000	2063.000	0.224
0.009	9950.000	3880.000	1000.000	112040.000	37879.000	114117.000	947021.000	2077.000	0.224
0.008	10050.000	3920.000	1000.000	121248.000	40941.000	123435.000	1023569.000	2187.000	0.223
0.008	10150.000	3960.000	1000.000	124396.000	42023.000	126521.000	1050611.000	2125.000	0.223
0.008	10250.000	4000.000	1000.000	127574.000	43175.000	129714.000	1079421.000	2140.000	0.223
0.007	10350.000	4040.000	1000.000	135228.000	45785.000	137415.000	1144655.000	2187.000	0.224
0.008	10450.000	4080.000	1000.000	132000.000	44567.000	134159.000	1114218.000	2159.000	0.224
0.007	10550.000	4120.000	1000.000	135773.000	45994.000	137960.000	1149885.000	2187.000	0.224
0.007	10650.000	4160.000	1000.000	140836.000	47731.000	143082.000	1193308.000	2246.000	0.224
0.007	10750.000	4200.000	1000.000	144758.000	48985.000	147065.000	1224679.000	2307.000	0.224
0.007	10850.000	4240.000	1000.000	140856.000	47645.000	143111.000	1191173.000	2255.000	0.224
0.007	10950.000	4280.000	1000.000	139565.000	47071.000	141712.000	1176813.000	2147.000	0.224
0.007	11050.000	4320.000	1000.000	151636.000	51284.000	153959.000	1282152.000	2323.000	0.224
0.007	11150.000	4360.000	1000.000	153845.000	51851.000	156168.000	1296322.000	2323.000	0.224
0.006	11250.000	4400.000	1000.000	156296.000	52571.000	158595.000	1314310.000	2299.000	0.224
0.006	11350.000	4440.000	1000.000	154085.000	51705.000	156343.000	1292682.000	2258.000	0.224
0.006	11450.000	4480.000	1000.000	157620.000	53182.000	159887.000	1329597.000	2267.000	0.225
0.006	11550.000	4520.000	1000.000	166330.000	56048.000	168678.000	1401238.000	2348.000	0.225
0.006	11650.000	4560.000	1000.000	169012.000	56989.000	171374.000	1424766.000	2362.000	0.225
0.006	11750.000	4600.000	1000.000	171841.000	58223.000	174180.000	1455616.000	2339.000	0.225
0.006	11850.000	4640.000	1000.000	171499.000	58157.000	173914.000	1453972.000	2415.000	0.225
0.005	11950.000	4680.000	1000.000	183035.000	61856.000	185402.000	1546461.000	2367.000	0.225
0.005	12050.000	4720.000	1000.000	183109.000	61904.000	185543.000	1547662.000	2434.000	0.225
0.005	12150.000	4760.000	1000.000	184233.000	62286.000	186696.000	1557206.000	2463.000	0.225
0.005	12250.000	4800.000	1000.000	189446.000	64184.000	191850.000	1604644.000	2404.000	0.225
0.005	12350.000	4840.000	1000.000	193526.000	65514.000	196050.000	1637910.000	2524.000	0.225
0.005	12450.000	4880.000	1000.000	193090.000	65114.000	195560.000	1627898.000	2470.000	0.225
0.005	12550.000	4920.000	1000.000	191656.000	64554.000	194101.000	1613908.000	2445.000	0.225
0.005	12650.000	4960.000	1000.000	199422.000	67642.000	201911.000	1691110.000	2489.000	0.225
0.005	12750.000	5000.000	1000.000	192369.000	64879.000	194801.000	1622018.000	2432.000	0.225
0.005	12850.000	5040.000	1000.000	211264.000	71465.000	213870.000	1786686.000	2606.000	0.225
0.005	12950.000	5080.000	1000.000	215822.000	72852.000	218403.000	1821349.000	2581.000	0.225
