0.796	850.000	240.000	1000.000	1256.000	107.000	2451.000	2698.000	1195.000	0.222
0.818	950.000	280.000	1000.000	1222.000	109.000	2366.000	2737.000	1144.000	0.222
0.842	1050.000	320.000	1000.000	1188.000	105.000	2331.000	2642.000	1143.000	0.222
0.822	1150.000	360.000	1000.000	1217.000	108.000	2361.000	2724.000	1144.000	0.222
0.817	1250.000	400.000	1000.000	1224.000	109.000	2403.000	2730.000	1179.000	0.223
0.816	1350.000	440.000	1000.000	1225.000	107.000	2374.000	2690.000	1149.000	0.223
0.817	1450.000	480.000	1000.000	1224.000	110.000	2360.000	2774.000	1136.000	0.223
0.842	1550.000	520.000	1000.000	1187.000	104.000	2317.000	2612.000	1130.000	0.223
0.826	1650.000	560.000	1000.000	1211.000	104.000	2341.000	2609.000	1130.000	0.223
0.821	1750.000	600.000	1000.000	1218.000	107.000	2376.000	2699.000	1158.000	0.223
0.790	1850.000	640.000	1000.000	1266.000	110.000	2403.000	2755.000	1137.000	0.223
0.806	1950.000	680.000	1000.000	1241.000	114.000	2401.000	2861.000	1160.000	0.223
0.801	2050.000	720.000	1000.000	1249.000	108.000	2400.000	2717.000	1151.000	0.223
0.819	2150.000	760.000	1000.000	1221.000	109.000	2352.000	2741.000	1131.000	0.223
0.822	2250.000	800.000	1000.000	1216.000	107.000	2379.000	2686.000	1163.000	0.223
0.797	2350.000	840.000	1000.000	1254.000	112.000	2417.000	2822.000	1163.000	0.223
0.808	2450.000	880.000	1000.000	1238.000	105.000	2379.000	2640.000	1141.000	0.223
0.820	2550.000	920.000	1000.000	1219.000	107.000	2368.000	2698.000	1149.000	0.223
0.799	2650.000	960.000	1000.000	1252.000	109.000	2404.000	2729.000	1152.000	0.223
0.808	2750.000	1000.000	1000.000	1238.000	110.000	2381.000	2759.000	1143.000	0.223
0.812	2850.000	1040.000	1000.000	1232.000	111.000	2386.000	2781.000	1154.000	0.223
0.795	2950.000	1080.000	1000.000	1258.000	112.000	2434.000	2809.000	1176.000	0.223
0.823	3050.000	1120.000	1000.000	1215.000	107.000	2371.000	2699.000	1156.000	0.223
0.816	3150.000	1160.000	1000.000	1225.000	109.000	2376.000	2732.000	1151.000	0.223
0.815	3250.000	1200.000	1000.000	1227.000	111.000	2387.000	2783.000	1160.000	0.223
0.810	3350.000	1240.000	1000.000	1234.000	112.000	2388.000	2815.000	1154.000	0.223
0.823	3450.000	1280.000	1000.000	1215.000	109.000	2356.000	2747.000	1141.000	0.223
0.810	3550.000	1320.000	1000.000	1234.000	110.000	2398.000	2774.000	1164.000	0.223
0.810	3650.000	1360.000	1000.000	1234.000	111.000	2381.000	2783.000	1147.000	0.223
0.809	3750.000	1400.000	1000.000	1236.000	108.000	2389.000	2723.000	1153.000	0.223
0.796	3850.000	1440.000	1000.000	1256.000	111.000	2399.000	2782.000	1143.000	0.223
0.810	3950.000	1480.000	1000.000	1234.000	108.000	2377.000	2718.000	1143.000	0.223
0.797	4050.000	1520.000	1000.000	1255.000	108.000	2398.000	2717.000	1143.000	0.223
0.799	4150.000	1560.000	1000.000	1252.000	114.000	2412.000	2858.000	1160.000	0.223
0.804	4250.000	1600.000	1000.000	1244.000	109.000	2399.000	2732.000	1155.000	0.223
0.799	4350.000	1640.000	1000.000	1251.000	110.000	2395.000	2771.000	1144.000	0.223
0.777	4450.000	1680.000	1000.000	1287.000	115.000	2437.000	2879.000	1150.000	0.223
0.801	4550.000	1720.000	1000.000	1249.000	113.000	2400.000	2827.000	1151.000	0.223
0.817	4650.000	1760.000	1000.000	1224.000	112.000	2370.000	2819.000	1146.000	0.223
0.805	4750.000	1800.000	1000.000	1243.000	114.000	2415.000	2867.000	1172.000	0.223
0.786	4850.000	1840.000	1000.000	1273.000	110.000	2434.000	2764.000	1161.000	0.223
0.808	4950.000	1880.000	1000.000	1237.000	110.000	2391.000	2753.000	1154.000	0.223
0.786	5050.000	1920.000	1000.000	1272.000	116.000	2444.000	2911.000	1172.000	0.223
0.785	5150.000	1960.000	1000.000	1274.000	116.000	2445.000	2924.000	1171.000	0.223
0.803	5250.000	2000.000	1000.000	1246.000	110.000	2398.000	2757.000	1152.000	0.223
0.798	5350.000	2040.000	1000.000	1253.000	113.000	2413.000	2828.000	1160.000	0.223
0.781	5450.000	2080.000	1000.000	1281.000	107.000	2440.000	2684.000	1159.000	0.223
0.781	5550.000	2120.000	1000.000	1280.000	114.000	2451.000	2875.000	1171.000	0.223
0.792	5650.000	2160.000	1000.000	1262.000	111.000	2417.000	2780.000	1155.000	0.223
0.855	5750.000	2200.000	1000.000	1170.000	118.000	2287.000	2953.000	1117.000	0.224
0.784	5850.000	2240.000	1000.000	1276.000	116.000	2418.000	2902.000	1142.000	0.223
0.842	5950.000	2280.000	1000.000	1187.000	116.000	2288.000	2909.000	1101.000	0.223
0.790	6050.000	2320.000	1000.000	1266.000	107.000	2424.000	2698.000	1158.000	0.223
0.797	6150.000	2360.000	1000.000	1254.000	113.000	2407.000	2841.000	1153.000	0.223
0.765	6250.000	2400.000	1000.000	1308.000	118.000	2472.000	2961.000	1164.000	0.223
0.800	6350.000	2440.000	1000.000	1250.000	115.000	2418.000	2886.000	1168.000	0.223
0.788	6450.000	2480.000	1000.000	1269.000	114.000	2411.000	2855.000	1142.000	0.223
0.779	6550.000	2520.000	1000.000	1284.000	116.000	2443.000	2919.000	1159.000	0.223
0.787	6650.000	2560.000	1000.000	1271.000	114.000	2427.000	2868.000	1156.000	0.223
0.799	6750.000	2600.000	1000.000	1251.000	113.000	2401.000	2829.000	1150.000	0.223
0.759	6850.000	2640.000	1000.000	1318.000	115.000	2474.000	2887.000	1156.000	0.223
0.780	6950.000	2680.000	1000.000	1282.000	114.000	2466.000	2858.000	1184.000	0.223
0.791	7050.000	2720.000	1000.000	1265.000	116.000	2428.000	2906.000	1163.000	0.223
0.779	7150.000	2760.000	1000.000	1284.000	114.000	2467.000	2872.000	1183.000	0.223
0.787	7250.000	2800.000	1000.000	1271.000	114.000	2441.000	2855.000	1170.000	0.223
0.782	7350.000	2840.000	1000.000	1279.000	112.000	2441.000	2813.000	1162.000	0.223
0.789	7450.000	2880.000	1000.000	1267.000	112.000	2430.000	2824.000	1163.000	0.223
0.797	7550.000	2920.000	1000.000	1255.000	110.000	2423.000	2764.000	1168.000	0.223
0.780	7650.000	2960.000	1000.000	1282.000	115.000	2458.000	2891.000	1176.000	0.223
0.779	7750.000	3000.000	1000.000	1283.000	116.000	2431.000	2908.000	1148.000	0.223
0.775	7850.000	3040.000	1000.000	1291.000	117.000	2471.000	2941.000	1180.000	0.223
0.802	7950.000	3080.000	1000.000	1247.000	111.000	2426.000	2791.000	1179.000	0.223
0.787	8050.000	3120.000	1000.000	1270.000	108.000	2431.000	2718.000	1161.000	0.223
0.789	8150.000	3160.000	1000.000	1267.000	117.000	2440.000	2939.000	1173.000	0.223
0.791	8250.000	3200.000	1000.000	1265.000	110.000	2417.000	2752.000	1152.000	0.223
0.772	8350.000	3240.000	1000.000	1295.000	116.000	2446.000	2909.000	1151.000	0.223
0.797	8450.000	3280.000	1000.000	1254.000	116.000	2429.000	2903.000	1175.000	0.223
0.763	8550.000	3320.000	1000.000	1310.000	117.000	2472.000	2936.000	1162.000	0.223
0.789	8650.000	3360.000	1000.000	1268.000	117.000	2441.000	2944.000	1173.000	0.223
0.772	8750.000	3400.000	1000.000	1295.000	115.000	2441.000	2893.000	1146.000	0.223
0.803	8850.000	3440.000	1000.000	1245.000	113.000	2418.000	2841.000	1173.000	0.223
0.788	8950.000	3480.000	1000.000	1269.000	116.000	2423.000	2904.000	1154.000	0.223
0.770	9050.000	3520.000	1000.000	1298.000	113.000	2462.000	2826.000	1164.000	0.223
0.776	9150.000	3560.000	1000.000	1289.000	117.000	2443.000	2935.000	1154.000	0.223
0.782	9250.000	3600.000	1000.000	1278.000	113.000	2453.000	2836.000	1175.000	0.223
0.782	9350.000	3640.000	1000.000	1279.000	119.000	2468.000	2986.000	1189.000	0.223
0.755	9450.000	3680.000	1000.000	1325.000	114.000	2494.000	2854.000	1169.000	0.223
0.792	9550.000	3720.000	1000.000	1262.000	115.000	2434.000	2889.000	1172.000	0.224
0.779	9650.000	3760.000	1000.000	1284.000	113.000	2426.000	2845.000	1142.000	0.224
0.780	9750.000	3800.000	1000.000	1282.000	117.000	2448.000	2947.000	1166.000	0.224
0.778	9850.000	3840.000	1000.000	1286.000	114.000	2445.000	2851.000	1159.000	0.224
0.787	9950.000	3880.000	1000.000	1271.000	112.000	2419.000	2820.000	1148.000	0.224
0.773	10050.000	3920.000	1000.000	1293.000	118.000	2461.000	2956.000	1168.000	0.224
0.792	10150.000	3960.000	1000.000	1263.000	115.000	2440.000	2876.000	1177.000	0.224
0.784	10250.000	4000.000	1000.000	1275.000	113.000	2419.000	2835.000	1144.000	0.224
0.770	10350.000	4040.000	1000.000	1298.000	114.000	2468.000	2854.000	1170.000	0.224
0.776	10450.000	4080.000	1000.000	1288.000	117.000	2453.000	2928.000	1165.000	0.224
0.792	10550.000	4120.000	1000.000	1262.000	116.000	2415.000	2905.000	1153.000	0.224
0.776	10650.000	4160.000	1000.000	1289.000	111.000	2445.000	2787.000	1157.000	0.224
0.758	10750.000	4200.000	1000.000	1319.000	119.000	2490.000	2984.000	1171.000	0.224
0.770	10850.000	4240.000	1000.000	1298.000	111.000	2465.000	2798.000	1167.000	0.223
0.785	10950.000	4280.000	1000.000	1274.000	114.000	2459.000	2851.000	1185.000	0.224
0.789	11050.000	4320.000	1000.000	1268.000	114.000	2469.000	2857.000	1201.000	0.224
0.794	11150.000	4360.000	1000.000	1259.000	115.000	2428.000	2896.000	1169.000	0.223
0.794	11250.000	4400.000	1000.000	1260.000	112.000	2433.000	2824.000	1173.000	0.224
0.786	11350.000	4440.000	1000.000	1272.000	115.000	2434.000	2886.000	1162.000	0.224
0.769	11450.000	4480.000	1000.000	1300.000	116.000	2491.000	2908.000	1192.000	0.224
0.789	11550.000	4520.000	1000.000	1268.000	113.000	2417.000	2840.000	1149.000	0.224
0.773	11650.000	4560.000	1000.000	1294.000	114.000	2486.000	2853.000	1192.000	0.224
0.765	11750.000	4600.000	1000.000	1308.000	113.000	2463.000	2826.000	1155.000	0.224
0.763	11850.000	4640.000	1000.000	1310.000	116.000	2477.000	2910.000	1167.000	0.224
0.755	11950.000	4680.000	1000.000	1324.000	119.000	2499.000	2987.000	1175.000	0.224
0.766	12050.000	4720.000	1000.000	1306.000	114.000	2473.000	2853.000	1167.000	0.224
0.776	12150.000	4760.000	1000.000	1289.000	116.000	2462.000	2903.000	1173.000	0.224
0.765	12250.000	4800.000	1000.000	1308.000	118.000	2470.000	2963.000	1162.000	0.224
0.780	12350.000	4840.000	1000.000	1282.000	117.000	2430.000	2938.000	1148.000	0.224
0.764	12450.000	4880.000	1000.000	1309.000	119.000	2476.000	2995.000	1167.000	0.224
0.776	12550.000	4920.000	1000.000	1289.000	115.000	2465.000	2877.000	1176.000	0.224
0.781	12650.000	4960.000	1000.000	1281.000	115.000	2446.000	2888.000	1165.000	0.224
0.769	12750.000	5000.000	1000.000	1301.000	113.000	2462.000	2847.000	1161.000	0.224
0.771	12850.000	5040.000	1000.000	1297.000	114.000	2465.000	2857.000	1168.000	0.224
0.774	12950.000	5080.000	1000.000	1292.000	113.000	2456.000	2850.000	1164.000	0.224
0.781	13050.000	5120.000	1000.000	1281.000	117.000	2451.000	2932.000	1170.000	0.224
0.770	13150.000	5160.000	1000.000	1299.000	116.000	2454.000	2925.000	1155.000	0.224
0.775	13250.000	5200.000	1000.000	1291.000	119.000	2478.000	2989.000	1187.000	0.224
0.763	13350.000	5240.000	1000.000	1310.000	115.000	2485.000	2886.000	1175.000	0.224
0.777	13450.000	5280.000	1000.000	1287.000	115.000	2464.000	2893.000	1177.000	0.224
0.779	13550.000	5320.000	1000.000	1283.000	115.000	2456.000	2896.000	1173.000	0.224
0.775	13650.000	5360.000	1000.000	1290.000	117.000	2464.000	2933.000	1174.000	0.224
0.765	13750.000	5400.000	1000.000	1308.000	121.000	2493.000	3041.000	1185.000	0.224
0.777	13850.000	5440.000	1000.000	1287.000	115.000	2440.000	2880.000	1153.000	0.224
0.767	13950.000	5480.000	1000.000	1304.000	116.000	2474.000	2902.000	1170.000	0.224
0.763	14050.000	5520.000	1000.000	1310.000	115.000	2474.000	2887.000	1164.000	0.224
0.773	14150.000	5560.000	1000.000	1294.000	115.000	2458.000	2892.000	1164.000	0.224
0.761	14250.000	5600.000	1000.000	1314.000	115.000	2494.000	2888.000	1180.000	0.224
0.763	14350.000	5640.000	1000.000	1310.000	116.000	2473.000	2906.000	1163.000	0.224
0.755	14450.000	5680.000	1000.000	1325.000	115.000	2498.000	2889.000	1173.000	0.224
0.769	14550.000	5720.000	1000.000	1301.000	113.000	2459.000	2838.000	1158.000	0.224
0.770	14650.000	5760.000	1000.000	1299.000	115.000	2483.000	2896.000	1184.000	0.224
0.762	14750.000	5800.000	1000.000	1313.000	115.000	2466.000	2886.000	1153.000	0.224
0.775	14850.000	5840.000	1000.000	1290.000	115.000	2445.000	2879.000	1155.000	0.224
0.772	14950.000	5880.000	1000.000	1296.000	117.000	2478.000	2947.000	1182.000	0.224
0.764	15050.000	5920.000	1000.000	1309.000	114.000	2477.000	2875.000	1168.000	0.224
0.773	15150.000	5960.000	1000.000	1294.000	120.000	2459.000	3017.000	1165.000	0.224
0.771	15250.000	6000.000	1000.000	1297.000	114.000	2456.000	2872.000	1159.000	0.224
0.766	15350.000	6040.000	1000.000	1305.000	118.000	2471.000	2975.000	1166.000	0.224
0.776	15450.000	6080.000	1000.000	1288.000	113.000	2449.000	2849.000	1161.000	0.224
0.767	15550.000	6120.000	1000.000	1303.000	118.000	2485.000	2960.000	1182.000	0.223
0.768	15650.000	6160.000	1000.000	1302.000	116.000	2465.000	2902.000	1163.000	0.224
0.756	15750.000	6200.000	1000.000	1323.000	121.000	2515.000	3038.000	1192.000	0.224
0.778	15850.000	6240.000	1000.000	1286.000	117.000	2471.000	2947.000	1185.000	0.224
0.776	15950.000	6280.000	1000.000	1288.000	116.000	2454.000	2925.000	1166.000	0.224
0.755	16050.000	6320.000	1000.000	1325.000	120.000	2522.000	3015.000	1197.000	0.224
0.769	16150.000	6360.000	1000.000	1300.000	120.000	2465.000	3019.000	1165.000	0.224
0.750	16250.000	6400.000	1000.000	1334.000	120.000	2526.000	3018.000	1192.000	0.224
0.773	16350.000	6440.000	1000.000	1293.000	116.000	2487.000	2912.000	1194.000	0.224
0.770	16450.000	6480.000	1000.000	1298.000	115.000	2481.000	2878.000	1183.000	0.224
0.770	16550.000	6520.000	1000.000	1299.000	120.000	2471.000	3016.000	1172.000	0.224
0.760	16650.000	6560.000	1000.000	1316.000	117.000	2493.000	2949.000	1177.000	0.224
0.763	16750.000	6600.000	1000.000	1310.000	120.000	2474.000	3011.000	1164.000	0.224
0.775	16850.000	6640.000	1000.000	1290.000	115.000	2466.000	2892.000	1176.000	0.224
0.759	16950.000	6680.000	1000.000	1317.000	119.000	2492.000	2993.000	1175.000	0.224
0.738	17050.000	6720.000	1000.000	1355.000	119.000	2529.000	2995.000	1174.000	0.224
0.767	17150.000	6760.000	1000.000	1303.000	116.000	2468.000	2912.000	1165.000	0.224
0.764	17250.000	6800.000	1000.000	1309.000	118.000	2481.000	2956.000	1172.000	0.224
0.771	17350.000	6840.000	1000.000	1297.000	117.000	2491.000	2950.000	1194.000	0.224
0.754	17450.000	6880.000	1000.000	1327.000	118.000	2502.000	2968.000	1175.000	0.223
0.760	17550.000	6920.000	1000.000	1316.000	121.000	2480.000	3041.000	1164.000	0.224
0.753	17650.000	6960.000	1000.000	1328.000	119.000	2498.000	2992.000	1170.000	0.224
0.739	17750.000	7000.000	1000.000	1354.000	120.000	2529.000	3013.000	1175.000	0.224
0.756	17850.000	7040.000	1000.000	1322.000	119.000	2495.000	2995.000	1173.000	0.224
0.762	17950.000	7080.000	1000.000	1312.000	122.000	2499.000	3057.000	1187.000	0.224
0.746	18050.000	7120.000	1000.000	1340.000	119.000	2513.000	2995.000	1173.000	0.224
0.750	18150.000	7160.000	1000.000	1333.000	123.000	2531.000	3082.000	1198.000	0.224
0.774	18250.000	7200.000	1000.000	1292.000	119.000	2474.000	2992.000	1182.000	0.224
0.754	18350.000	7240.000	1000.000	1327.000	119.000	2480.000	2992.000	1153.000	0.224
0.749	18450.000	7280.000	1000.000	1335.000	124.000	2529.000	3114.000	1194.000	0.224
0.750	18550.000	7320.000	1000.000	1333.000	118.000	2527.000	2954.000	1194.000	0.224
0.765	18650.000	7360.000	1000.000	1308.000	118.000	2503.000	2964.000	1195.000	0.224
0.746	18750.000	7400.000	1000.000	1340.000	117.000	2506.000	2937.000	1166.000	0.224
0.753	18850.000	7440.000	1000.000	1328.000	122.000	2527.000	3061.000	1199.000	0.224
0.749	18950.000	7480.000	1000.000	1336.000	123.000	2497.000	3086.000	1161.000	0.224
0.767	19050.000	7520.000	1000.000	1304.000	118.000	2489.000	2972.000	1185.000	0.224
0.755	19150.000	7560.000	1000.000	1325.000	120.000	2479.000	3013.000	1154.000	0.224
0.747	19250.000	7600.000	1000.000	1338.000	117.000	2515.000	2944.000	1177.000	0.224
0.762	19350.000	7640.000	1000.000	1312.000	115.000	2468.000	2880.000	1156.000	0.224
0.765	19450.000	7680.000	1000.000	1308.000	119.000	2486.000	2993.000	1178.000	0.224
0.762	19550.000	7720.000	1000.000	1313.000	123.000	2492.000	3081.000	1179.000	0.224
0.814	19650.000	7760.000	1000.000	1228.000	127.000	2357.000	3184.000	1129.000	0.224
0.769	19750.000	7800.000	1000.000	1300.000	117.000	2474.000	2936.000	1174.000	0.224
0.748	19850.000	7840.000	1000.000	1337.000	121.000	2494.000	3030.000	1157.000	0.224
0.755	19950.000	7880.000	1000.000	1325.000	118.000	2501.000	2961.000	1176.000	0.224
0.741	20050.000	7920.000	1000.000	1349.000	124.000	2564.000	3124.000	1215.000	0.224
0.765	20150.000	7960.000	1000.000	1308.000	119.000	2486.000	2995.000	1178.000	0.224
0.765	20250.000	8000.000	1000.000	1308.000	121.000	2485.000	3038.000	1177.000	0.224
0.730	20350.000	8040.000	1000.000	1370.000	117.000	2558.000	2926.000	1188.000	0.224
0.752	20450.000	8080.000	1000.000	1330.000	122.000	2513.000	3066.000	1183.000	0.224
0.754	20550.000	8120.000	1000.000	1326.000	124.000	2517.000	3124.000	1191.000	0.224
0.742	20650.000	8160.000	1000.000	1348.000	120.000	2533.000	3005.000	1185.000	0.224
0.760	20750.000	8200.000	1000.000	1316.000	118.000	2486.000	2966.000	1170.000	0.224
0.745	20850.000	8240.000	1000.000	1342.000	113.000	2512.000	2838.000	1170.000	0.224
0.751	20950.000	8280.000	1000.000	1332.000	121.000	2521.000	3028.000	1189.000	0.224
0.740	21050.000	8320.000	1000.000	1351.000	121.000	2527.000	3049.000	1176.000	0.224
0.741	21150.000	8360.000	1000.000	1349.000	127.000	2538.000	3175.000	1189.000	0.224
0.741	21250.000	8400.000	1000.000	1349.000	121.000	2536.000	3028.000	1187.000	0.224
0.742	21350.000	8440.000	1000.000	1347.000	123.000	2523.000	3090.000	1176.000	0.224
0.759	21450.000	8480.000	1000.000	1317.000	119.000	2490.000	2994.000	1173.000	0.224
0.756	21550.000	8520.000	1000.000	1322.000	121.000	2496.000	3047.000	1174.000	0.224
0.750	21650.000	8560.000	1000.000	1334.000	123.000	2560.000	3085.000	1226.000	0.224
0.739	21750.000	8600.000	1000.000	1353.000	128.000	2553.000	3204.000	1200.000	0.224
0.735	21850.000	8640.000	1000.000	1361.000	122.000	2554.000	3064.000	1193.000	0.224
0.742	21950.000	8680.000	1000.000	1348.000	121.000	2522.000	3047.000	1174.000	0.224
0.743	22050.000	8720.000	1000.000	1346.000	119.000	2516.000	2993.000	1170.000	0.224
0.745	22150.000	8760.000	1000.000	1342.000	120.000	2524.000	3021.000	1182.000	0.224
0.744	22250.000	8800.000	1000.000	1344.000	120.000	2519.000	3023.000	1175.000	0.224
0.807	22350.000	8840.000	1000.000	1239.000	130.000	2364.000	3270.000	1125.000	0.224
0.758	22450.000	8880.000	1000.000	1320.000	118.000	2493.000	2970.000	1173.000	0.224
0.741	22550.000	8920.000	1000.000	1350.000	120.000	2516.000	3012.000	1166.000	0.224
0.755	22650.000	8960.000	1000.000	1325.000	122.000	2503.000	3066.000	1178.000	0.224
0.734	22750.000	9000.000	1000.000	1362.000	122.000	2543.000	3063.000	1181.000	0.224
0.747	22850.000	9040.000	1000.000	1339.000	121.000	2499.000	3042.000	1160.000	0.224
0.745	22950.000	9080.000	1000.000	1342.000	120.000	2514.000	3016.000	1172.000	0.224
0.745	23050.000	9120.000	1000.000	1343.000	119.000	2529.000	2986.000	1186.000	0.224
0.719	23150.000	9160.000	1000.000	1390.000	126.000	2587.000	3150.000	1197.000	0.224
0.752	23250.000	9200.000	1000.000	1330.000	122.000	2510.000	3052.000	1180.000	0.224
0.754	23350.000	9240.000	1000.000	1327.000	118.000	2509.000	2968.000	1182.000	0.224
0.751	23450.000	9280.000	1000.000	1332.000	121.000	2511.000	3047.000	1179.000	0.224
0.743	23550.000	9320.000	1000.000	1346.000	124.000	2533.000	3117.000	1187.000	0.224
0.750	23650.000	9360.000	1000.000	1334.000	120.000	2523.000	3003.000	1189.000	0.224
0.752	23750.000	9400.000	1000.000	1329.000	116.000	2511.000	2910.000	1182.000	0.224
0.743	23850.000	9440.000	1000.000	1345.000	125.000	2540.000	3144.000	1195.000	0.224
0.731	23950.000	9480.000	1000.000	1368.000	122.000	2538.000	3058.000	1170.000	0.224
0.745	24050.000	9520.000	1000.000	1343.000	119.000	2531.000	2993.000	1188.000	0.224
0.803	24150.000	9560.000	1000.000	1246.000	125.000	2354.000	3149.000	1108.000	0.224
0.730	24250.000	9600.000	1000.000	1369.000	124.000	2552.000	3124.000	1183.000	0.224
0.726	24350.000	9640.000	1000.000	1378.000	125.000	2563.000	3149.000	1185.000	0.224
0.736	24450.000	9680.000	1000.000	1358.000	128.000	2578.000	3201.000	1220.000	0.224
0.749	24550.000	9720.000	1000.000	1336.000	123.000	2502.000	3096.000	1166.000	0.224
0.731	24650.000	9760.000	1000.000	1368.000	123.000	2560.000	3089.000	1192.000	0.223
0.727	24750.000	9800.000	1000.000	1376.000	124.000	2545.000	3110.000	1169.000	0.224
0.757	24850.000	9840.000	1000.000	1321.000	120.000	2493.000	3003.000	1172.000	0.224
0.740	24950.000	9880.000	1000.000	1351.000	125.000	2556.000	3125.000	1205.000	0.224
0.746	25050.000	9920.000	1000.000	1341.000	122.000	2541.000	3057.000	1200.000	0.224
0.747	25150.000	9960.000	1000.000	1338.000	123.000	2508.000	3083.000	1170.000	0.224
0.746	25250.000	10000.000	1000.000	1340.000	120.000	2537.000	3005.000	1197.000	0.224
0.733	25350.000	10040.000	1000.000	1365.000	125.000	2571.000	3147.000	1206.000	0.224
0.729	25450.000	10080.000	1000.000	1372.000	128.000	2580.000	3216.000	1208.000	0.224
0.745	25550.000	10120.000	1000.000	1343.000	124.000	2503.000	3118.000	1160.000	0.224
0.725	25650.000	10160.000	1000.000	1379.000	125.000	2578.000	3137.000	1199.000	0.224
0.729	25750.000	10200.000	1000.000	1371.000	125.000	2569.000	3146.000	1198.000	0.224
0.733	25850.000	10240.000	1000.000	1365.000	126.000	2561.000	3157.000	1196.000	0.224
0.737	25950.000	10280.000	1000.000	1357.000	122.000	2543.000	3057.000	1186.000	0.224
0.732	26050.000	10320.000	1000.000	1366.000	124.000	2554.000	3122.000	1188.000	0.224
0.725	26150.000	10360.000	1000.000	1379.000	127.000	2551.000	3199.000	1172.000	0.224
0.743	26250.000	10400.000	1000.000	1346.000	123.000	2523.000	3095.000	1177.000	0.224
0.726	26350.000	10440.000	1000.000	1377.000	127.000	2579.000	3176.000	1202.000	0.224
0.733	26450.000	10480.000	1000.000	1364.000	124.000	2562.000	3109.000	1198.000	0.224
0.739	26550.000	10520.000	1000.000	1353.000	125.000	2535.000	3133.000	1182.000	0.224
0.743	26650.000	10560.000	1000.000	1345.000	122.000	2539.000	3057.000	1194.000	0.224
0.724	26750.000	10600.000	1000.000	1382.000	126.000	2592.000	3154.000	1210.000	0.224
0.728	26850.000	10640.000	1000.000	1374.000	123.000	2556.000	3099.000	1182.000	0.224
0.741	26950.000	10680.000	1000.000	1350.000	124.000	2546.000	3122.000	1196.000	0.224
0.733	27050.000	10720.000	1000.000	1365.000	126.000	2545.000	3153.000	1180.000	0.224
0.728	27150.000	10760.000	1000.000	1373.000	121.000	2584.000	3039.000	1211.000	0.224
0.723	27250.000	10800.000	1000.000	1383.000	125.000	2594.000	3135.000	1211.000	0.224
0.711	27350.000	10840.000	1000.000	1407.000	126.000	2593.000	3169.000	1186.000	0.224
0.754	27450.000	10880.000	1000.000	1326.000	120.000	2509.000	3001.000	1183.000	0.224
0.736	27550.000	10920.000	1000.000	1359.000	123.000	2525.000	3078.000	1166.000	0.224
0.722	27650.000	10960.000	1000.000	1385.000	128.000	2581.000	3201.000	1196.000	0.224
0.726	27750.000	11000.000	1000.000	1378.000	125.000	2590.000	3137.000	1212.000	0.224
0.725	27850.000	11040.000	1000.000	1380.000	125.000	2542.000	3136.000	1162.000	0.224
0.717	27950.000	11080.000	1000.000	1394.000	129.000	2596.000	3240.000	1202.000	0.224
0.741	28050.000	11120.000	1000.000	1349.000	122.000	2537.000	3053.000	1188.000	0.224
0.726	28150.000	11160.000	1000.000	1378.000	127.000	2564.000	3193.000	1186.000	0.224
0.714	28250.000	11200.000	1000.000	1401.000	128.000	2596.000	3219.000	1195.000	0.224
0.711	28350.000	11240.000	1000.000	1407.000	128.000	2601.000	3212.000	1194.000	0.224
0.716	28450.000	11280.000	1000.000	1397.000	132.000	2591.000	3310.000	1194.000	0.224
0.738	28550.000	11320.000	1000.000	1355.000	126.000	2559.000	3168.000	1204.000	0.224
0.713	28650.000	11360.000	1000.000	1402.000	122.000	2598.000	3060.000	1196.000	0.224
0.733	28750.000	11400.000	1000.000	1365.000	126.000	2565.000	3163.000	1200.000	0.224
0.715	28850.000	11440.000	1000.000	1399.000	124.000	2587.000	3100.000	1188.000	0.224
0.734	28950.000	11480.000	1000.000	1363.000	126.000	2553.000	3174.000	1190.000	0.224
0.710	29050.000	11520.000	1000.000	1408.000	130.000	2595.000	3261.000	1187.000	0.224
0.750	29150.000	11560.000	1000.000	1334.000	121.000	2502.000	3049.000	1168.000	0.224
0.724	29250.000	11600.000	1000.000	1382.000	124.000	2573.000	3118.000	1191.000	0.224
0.714	29350.000	11640.000	1000.000	1401.000	124.000	2617.000	3117.000	1216.000	0.224
0.714	29450.000	11680.000	1000.000	1400.000	124.000	2591.000	3120.000	1191.000	0.224
0.715	29550.000	11720.000	1000.000	1398.000	127.000	2606.000	3183.000	1208.000	0.224
0.718	29650.000	11760.000	1000.000	1393.000	129.000	2610.000	3241.000	1217.000	0.224
0.722	29750.000	11800.000	1000.000	1386.000	123.000	2567.000	3089.000	1181.000	0.224
0.716	29850.000	11840.000	1000.000	1396.000	127.000	2581.000	3195.000	1185.000	0.224
0.707	29950.000	11880.000	1000.000	1414.000	126.000	2619.000	3171.000	1205.000	0.224
0.732	30050.000	11920.000	1000.000	1366.000	125.000	2565.000	3150.000	1199.000	0.224
0.708	30150.000	11960.000	1000.000	1412.000	132.000	2593.000	3324.000	1181.000	0.224
0.725	30250.000	12000.000	1000.000	1379.000	125.000	2580.000	3149.000	1201.000	0.224
0.714	30350.000	12040.000	1000.000	1400.000	130.000	2611.000	3270.000	1211.000	0.224
0.732	30450.000	12080.000	1000.000	1366.000	130.000	2570.000	3254.000	16.000	0.224
0.716	30550.000	12120.000	1000.000	1397.000	129.000	2600.000	3228.000	0.000	0.224
0.723	30650.000	12160.000	1000.000	1384.000	129.000	2590.000	3247.000	0.000	0.224
0.033	30750.000	12200.000	1000.000	30285.000	2911.000	55927.000	72787.000	0.000	0.224
