0.743	850.000	480.000	1000.000	1345.000	68.000	2580.000	3440.000	1235.000	0.222
0.809	950.000	560.000	1000.000	1236.000	61.000	2394.000	3092.000	1158.000	0.223
0.791	1050.000	640.000	1000.000	1265.000	64.000	2431.000	3246.000	1166.000	0.223
0.794	1150.000	720.000	1000.000	1260.000	59.000	2425.000	2991.000	1165.000	0.223
0.797	1250.000	800.000	1000.000	1254.000	61.000	2431.000	3055.000	1177.000	0.223
0.773	1350.000	880.000	1000.000	1294.000	59.000	2444.000	2983.000	1150.000	0.222
0.808	1450.000	960.000	1000.000	1237.000	61.000	2403.000	3055.000	1166.000	0.222
0.801	1550.000	1040.000	1000.000	1249.000	56.000	2398.000	2824.000	1149.000	0.222
0.777	1650.000	1120.000	1000.000	1287.000	59.000	2446.000	2965.000	1159.000	0.222
0.787	1750.000	1200.000	1000.000	1271.000	61.000	2417.000	3068.000	1146.000	0.222
0.780	1850.000	1280.000	1000.000	1282.000	61.000	2435.000	3094.000	1153.000	0.222
0.791	1950.000	1360.000	1000.000	1265.000	57.000	2410.000	2872.000	1145.000	0.222
0.762	2050.000	1440.000	1000.000	1313.000	60.000	2478.000	3017.000	1165.000	0.222
0.783	2150.000	1520.000	1000.000	1277.000	63.000	2437.000	3163.000	1160.000	0.222
0.755	2250.000	1600.000	1000.000	1325.000	60.000	2486.000	3036.000	1161.000	0.222
0.775	2350.000	1680.000	1000.000	1291.000	59.000	2452.000	2976.000	1161.000	0.222
0.766	2450.000	1760.000	1000.000	1305.000	60.000	2474.000	3043.000	1169.000	0.222
0.777	2550.000	1840.000	1000.000	1287.000	60.000	2452.000	3023.000	1165.000	0.222
0.777	2650.000	1920.000	1000.000	1287.000	59.000	2464.000	2966.000	1177.000	0.222
0.778	2750.000	2000.000	1000.000	1286.000	59.000	2433.000	2981.000	1147.000	0.222
0.770	2850.000	2080.000	1000.000	1298.000	61.000	2453.000	3053.000	1155.000	0.222
0.761	2950.000	2160.000	1000.000	1314.000	61.000	2484.000	3064.000	1170.000	0.222
0.781	3050.000	2240.000	1000.000	1281.000	59.000	2438.000	2966.000	1157.000	0.222
0.758	3150.000	2320.000	1000.000	1320.000	60.000	2474.000	3019.000	1154.000	0.222
0.775	3250.000	2400.000	1000.000	1290.000	59.000	2443.000	2992.000	1153.000	0.222
0.777	3350.000	2480.000	1000.000	1287.000	59.000	2434.000	2978.000	1147.000	0.222
0.782	3450.000	2560.000	1000.000	1279.000	61.000	2438.000	3087.000	1159.000	0.222
0.746	3550.000	2640.000	1000.000	1340.000	59.000	2502.000	2984.000	1162.000	0.222
0.770	3650.000	2720.000	1000.000	1299.000	58.000	2435.000	2917.000	1136.000	0.222
0.757	3750.000	2800.000	1000.000	1321.000	59.000	2483.000	2974.000	1162.000	0.222
0.760	3850.000	2880.000	1000.000	1315.000	60.000	2486.000	3001.000	1171.000	0.222
0.732	3950.000	2960.000	1000.000	1366.000	62.000	2542.000	3102.000	1176.000	0.222
0.756	4050.000	3040.000	1000.000	1322.000	59.000	2487.000	2959.000	1165.000	0.222
0.766	4150.000	3120.000	1000.000	1306.000	58.000	2429.000	2909.000	1123.000	0.222
0.768	4250.000	3200.000	1000.000	1302.000	59.000	2473.000	2965.000	1171.000	0.222
0.747	4350.000	3280.000	1000.000	1338.000	63.000	2496.000	3181.000	1158.000	0.222
0.765	4450.000	3360.000	1000.000	1308.000	59.000	2461.000	2966.000	1153.000	0.222
0.747	4550.000	3440.000	1000.000	1339.000	61.000	2494.000	3070.000	1155.000	0.222
0.843	4650.000	3520.000	1000.000	1186.000	61.000	2304.000	3084.000	1118.000	0.222
0.757	4750.000	3600.000	1000.000	1321.000	61.000	2503.000	3079.000	1182.000	0.222
0.756	4850.000	3680.000	1000.000	1323.000	60.000	2479.000	3027.000	1156.000	0.222
0.769	4950.000	3760.000	1000.000	1301.000	60.000	2465.000	3031.000	1164.000	0.222
0.761	5050.000	3840.000	1000.000	1314.000	59.000	2488.000	2957.000	1174.000	0.222
0.762	5150.000	3920.000	1000.000	1313.000	58.000	2477.000	2934.000	1164.000	0.222
0.765	5250.000	4000.000	1000.000	1307.000	58.000	2470.000	2932.000	1163.000	0.222
0.745	5350.000	4080.000	1000.000	1343.000	60.000	2496.000	3045.000	1153.000	0.222
0.741	5450.000	4160.000	1000.000	1350.000	63.000	2535.000	3157.000	1185.000	0.221
0.737	5550.000	4240.000	1000.000	1357.000	62.000	2539.000	3103.000	1182.000	0.222
0.758	5650.000	4320.000	1000.000	1319.000	63.000	2515.000	3182.000	1196.000	0.221
0.746	5750.000	4400.000	1000.000	1341.000	60.000	2480.000	3021.000	1139.000	0.221
0.751	5850.000	4480.000	1000.000	1331.000	59.000	2502.000	2960.000	1171.000	0.222
0.739	5950.000	4560.000	1000.000	1354.000	59.000	2509.000	2993.000	1155.000	0.222
0.737	6050.000	4640.000	1000.000	1357.000	61.000	2530.000	3060.000	1173.000	0.221
0.764	6150.000	4720.000	1000.000	1309.000	58.000	2489.000	2933.000	1180.000	0.221
0.739	6250.000	4800.000	1000.000	1354.000	61.000	2531.000	3077.000	1177.000	0.222
0.734	6350.000	4880.000	1000.000	1363.000	61.000	2532.000	3085.000	1169.000	0.221
0.751	6450.000	4960.000	1000.000	1331.000	62.000	2536.000	3112.000	1205.000	0.221
0.739	6550.000	5040.000	1000.000	1353.000	60.000	2503.000	3029.000	1150.000	0.221
0.745	6650.000	5120.000	1000.000	1343.000	60.000	2508.000	3018.000	1165.000	0.221
0.747	6750.000	5200.000	1000.000	1338.000	61.000	2500.000	3056.000	1162.000	0.221
0.731	6850.000	5280.000	1000.000	1368.000	61.000	2535.000	3068.000	1167.000	0.221
0.761	6950.000	5360.000	1000.000	1314.000	59.000	2474.000	2990.000	1160.000	0.222
0.775	7050.000	5440.000	1000.000	1290.000	60.000	2426.000	3011.000	1136.000	0.221
0.746	7150.000	5520.000	1000.000	1340.000	59.000	2495.000	2958.000	1155.000	0.221
0.732	7250.000	5600.000	1000.000	1366.000	60.000	2548.000	3032.000	1182.000	0.221
0.758	7350.000	5680.000	1000.000	1320.000	59.000	2485.000	2999.000	1165.000	0.221
0.746	7450.000	5760.000	1000.000	1340.000	60.000	2497.000	3040.000	1157.000	0.221
0.742	7550.000	5840.000	1000.000	1348.000	60.000	2503.000	3015.000	1155.000	0.221
0.724	7650.000	5920.000	1000.000	1381.000	61.000	2554.000	3080.000	1173.000	0.221
0.729	7750.000	6000.000	1000.000	1372.000	62.000	2556.000	3102.000	1184.000	0.221
0.743	7850.000	6080.000	1000.000	1345.000	61.000	2513.000	3077.000	1168.000	0.221
0.755	7950.000	6160.000	1000.000	1325.000	62.000	2510.000	3117.000	1185.000	0.221
0.720	8050.000	6240.000	1000.000	1388.000	63.000	2570.000	3171.000	1182.000	0.221
0.729	8150.000	6320.000	1000.000	1372.000	67.000	2529.000	3384.000	1157.000	0.221
0.733	8250.000	6400.000	1000.000	1365.000	61.000	2544.000	3072.000	1179.000	0.221
0.732	8350.000	6480.000	1000.000	1367.000	61.000	2554.000	3097.000	1187.000	0.221
0.751	8450.000	6560.000	1000.000	1331.000	60.000	2505.000	3032.000	1174.000	0.221
0.742	8550.000	6640.000	1000.000	1347.000	65.000	2542.000	3258.000	1195.000	0.221
0.700	8650.000	6720.000	1000.000	1429.000	68.000	2632.000	3410.000	1203.000	0.221
0.754	8750.000	6800.000	1000.000	1326.000	61.000	2465.000	3088.000	1139.000	0.221
0.740	8850.000	6880.000	1000.000	1352.000	60.000	2518.000	3007.000	1166.000	0.221
0.757	8950.000	6960.000	1000.000	1321.000	58.000	2480.000	2941.000	1159.000	0.221
0.738	9050.000	7040.000	1000.000	1355.000	60.000	2527.000	3049.000	1172.000	0.221
0.727	9150.000	7120.000	1000.000	1376.000	61.000	2541.000	3088.000	1165.000	0.221
0.726	9250.000	7200.000	1000.000	1377.000	63.000	2544.000	3184.000	1167.000	0.221
0.736	9350.000	7280.000	1000.000	1359.000	63.000	2535.000	3151.000	1176.000	0.221
0.737	9450.000	7360.000	1000.000	1357.000	60.000	2533.000	3016.000	1176.000	0.221
0.753	9550.000	7440.000	1000.000	1328.000	58.000	2512.000	2946.000	1184.000	0.221
0.754	9650.000	7520.000	1000.000	1327.000	61.000	2507.000	3077.000	1180.000	0.221
0.722	9750.000	7600.000	1000.000	1385.000	61.000	2592.000	3077.000	1207.000	0.221
0.735	9850.000	7680.000	1000.000	1360.000	60.000	2537.000	3020.000	1177.000	0.221
0.747	9950.000	7760.000	1000.000	1338.000	59.000	2496.000	2957.000	1158.000	0.222
0.727	10050.000	7840.000	1000.000	1375.000	63.000	2569.000	3170.000	1194.000	0.221
0.743	10150.000	7920.000	1000.000	1346.000	62.000	2525.000	3125.000	1179.000	0.222
0.730	10250.000	8000.000	1000.000	1370.000	63.000	2540.000	3175.000	1170.000	0.221
0.766	10350.000	8080.000	1000.000	1305.000	61.000	2476.000	3094.000	1171.000	0.221
0.730	10450.000	8160.000	1000.000	1370.000	62.000	2548.000	3132.000	1178.000	0.221
0.732	10550.000	8240.000	1000.000	1366.000	60.000	2534.000	3039.000	1168.000	0.221
0.721	10650.000	8320.000	1000.000	1387.000	61.000	2566.000	3085.000	1179.000	0.221
0.730	10750.000	8400.000	1000.000	1370.000	62.000	2542.000	3107.000	1172.000	0.221
0.741	10850.000	8480.000	1000.000	1349.000	63.000	2541.000	3184.000	1192.000	0.221
0.718	10950.000	8560.000	1000.000	1392.000	61.000	2573.000	3065.000	1181.000	0.221
0.719	11050.000	8640.000	1000.000	1390.000	62.000	2586.000	3103.000	1196.000	0.222
0.723	11150.000	8720.000	1000.000	1384.000	62.000	2570.000	3132.000	1186.000	0.221
0.728	11250.000	8800.000	1000.000	1374.000	63.000	2590.000	3191.000	1216.000	0.221
0.745	11350.000	8880.000	1000.000	1342.000	63.000	2501.000	3157.000	1159.000	0.221
0.710	11450.000	8960.000	1000.000	1408.000	65.000	2601.000	3277.000	1193.000	0.221
0.720	11550.000	9040.000	1000.000	1388.000	63.000	2566.000	3161.000	1178.000	0.221
0.754	11650.000	9120.000	1000.000	1326.000	63.000	2515.000	3155.000	1189.000	0.221
0.700	11750.000	9200.000	1000.000	1428.000	66.000	2618.000	3301.000	1190.000	0.221
0.732	11850.000	9280.000	1000.000	1367.000	63.000	2563.000	3186.000	1196.000	0.221
0.743	11950.000	9360.000	1000.000	1346.000	62.000	2515.000	3146.000	1169.000	0.221
0.737	12050.000	9440.000	1000.000	1357.000	64.000	2559.000	3211.000	1202.000	0.221
0.720	12150.000	9520.000	1000.000	1389.000	63.000	2585.000	3176.000	1196.000	0.221
0.697	12250.000	9600.000	1000.000	1435.000	67.000	2636.000	3387.000	1201.000	0.221
0.726	12350.000	9680.000	1000.000	1378.000	64.000	2557.000	3202.000	1179.000	0.221
0.704	12450.000	9760.000	1000.000	1420.000	64.000	2608.000	3218.000	1188.000	0.221
0.715	12550.000	9840.000	1000.000	1399.000	63.000	2611.000	3179.000	1212.000	0.222
0.727	12650.000	9920.000	1000.000	1376.000	61.000	2544.000	3094.000	1168.000	0.222
0.734	12750.000	10000.000	1000.000	1362.000	63.000	2563.000	3173.000	1201.000	0.221
0.719	12850.000	10080.000	1000.000	1391.000	64.000	2586.000	3204.000	1195.000	0.222
0.722	12950.000	10160.000	1000.000	1386.000	63.000	2547.000	3156.000	1161.000	0.222
0.707	13050.000	10240.000	1000.000	1415.000	66.000	2606.000	3319.000	1191.000	0.221
0.724	13150.000	10320.000	1000.000	1382.000	62.000	2580.000	3121.000	1198.000	0.222
0.733	13250.000	10400.000	1000.000	1364.000	63.000	2579.000	3158.000	1215.000	0.221
0.727	13350.000	10480.000	1000.000	1375.000	64.000	2572.000	3224.000	1197.000	0.222
0.724	13450.000	10560.000	1000.000	1381.000	64.000	2560.000	3228.000	1179.000	0.222
0.728	13550.000	10640.000	1000.000	1374.000	64.000	2559.000	3211.000	1185.000	0.222
0.719	13650.000	10720.000	1000.000	1390.000	65.000	2582.000	3263.000	1192.000	0.222
0.717	13750.000	10800.000	1000.000	1394.000	64.000	2591.000	3241.000	1197.000	0.221
0.729	13850.000	10880.000	1000.000	1371.000	63.000	2544.000	3154.000	1173.000	0.222
0.729	13950.000	10960.000	1000.000	1371.000	64.000	2557.000	3230.000	1186.000	0.222
0.718	14050.000	11040.000	1000.000	1392.000	66.000	2585.000	3309.000	1193.000	0.222
0.714	14150.000	11120.000	1000.000	1400.000	66.000	2613.000	3333.000	1213.000	0.222
0.727	14250.000	11200.000	1000.000	1376.000	65.000	2572.000	3255.000	1196.000	0.222
0.708	14350.000	11280.000	1000.000	1412.000	67.000	2614.000	3350.000	1202.000	0.222
0.716	14450.000	11360.000	1000.000	1397.000	62.000	2598.000	3145.000	1201.000	0.222
0.706	14550.000	11440.000	1000.000	1417.000	64.000	2630.000	3221.000	1213.000	0.222
0.709	14650.000	11520.000	1000.000	1410.000	64.000	2630.000	3232.000	1220.000	0.222
0.714	14750.000	11600.000	1000.000	1400.000	64.000	2565.000	3200.000	1165.000	0.222
0.723	14850.000	11680.000	1000.000	1384.000	65.000	2584.000	3267.000	1200.000	0.222
0.715	14950.000	11760.000	1000.000	1399.000	64.000	2584.000	3225.000	1185.000	0.222
0.713	15050.000	11840.000	1000.000	1402.000	65.000	2614.000	3299.000	1212.000	0.222
0.722	15150.000	11920.000	1000.000	1385.000	64.000	2571.000	3207.000	1186.000	0.222
0.707	15250.000	12000.000	1000.000	1414.000	65.000	2616.000	3294.000	1202.000	0.222
0.716	15350.000	12080.000	1000.000	1397.000	61.000	2587.000	3080.000	1190.000	0.222
0.723	15450.000	12160.000	1000.000	1384.000	65.000	2577.000	3256.000	1193.000	0.222
0.705	15550.000	12240.000	1000.000	1418.000	65.000	2614.000	3262.000	1196.000	0.222
0.719	15650.000	12320.000	1000.000	1391.000	65.000	2582.000	3269.000	1191.000	0.222
0.715	15750.000	12400.000	1000.000	1399.000	66.000	2601.000	3338.000	1202.000	0.222
0.716	15850.000	12480.000	1000.000	1397.000	67.000	2591.000	3390.000	1194.000	0.222
0.726	15950.000	12560.000	1000.000	1377.000	65.000	2555.000	3278.000	1178.000	0.222
0.716	16050.000	12640.000	1000.000	1396.000	66.000	2593.000	3308.000	1197.000	0.222
0.710	16150.000	12720.000	1000.000	1408.000	64.000	2602.000	3243.000	1194.000	0.222
0.704	16250.000	12800.000	1000.000	1420.000	66.000	2591.000	3306.000	1171.000	0.222
0.690	16350.000	12880.000	1000.000	1450.000	65.000	2646.000	3254.000	1196.000	0.222
0.697	16450.000	12960.000	1000.000	1435.000	67.000	2632.000	3395.000	1197.000	0.222
0.711	16550.000	13040.000	1000.000	1407.000	65.000	2593.000	3294.000	1186.000	0.221
0.707	16650.000	13120.000	1000.000	1414.000	68.000	2613.000	3436.000	1199.000	0.222
0.807	16750.000	13200.000	1000.000	1239.000	73.000	2381.000	3666.000	1142.000	0.222
0.702	16850.000	13280.000	1000.000	1424.000	66.000	2613.000	3308.000	1189.000	0.222
0.703	16950.000	13360.000	1000.000	1422.000	66.000	2613.000	3317.000	1191.000	0.222
0.710	17050.000	13440.000	1000.000	1409.000	66.000	2578.000	3303.000	1169.000	0.222
0.688	17150.000	13520.000	1000.000	1453.000	67.000	2655.000	3372.000	1202.000	0.222
0.724	17250.000	13600.000	1000.000	1382.000	65.000	2550.000	3253.000	1168.000	0.222
0.706	17350.000	13680.000	1000.000	1416.000	65.000	2617.000	3254.000	1201.000	0.222
0.708	17450.000	13760.000	1000.000	1413.000	67.000	2629.000	3364.000	1216.000	0.222
0.703	17550.000	13840.000	1000.000	1423.000	69.000	2631.000	3452.000	1208.000	0.221
0.700	17650.000	13920.000	1000.000	1429.000	66.000	2629.000	3327.000	1200.000	0.222
0.691	17750.000	14000.000	1000.000	1447.000	66.000	2648.000	3325.000	1201.000	0.222
0.684	17850.000	14080.000	1000.000	1461.000	67.000	2673.000	3389.000	1212.000	0.221
0.715	17950.000	14160.000	1000.000	1399.000	65.000	2605.000	3284.000	1206.000	0.221
0.698	18050.000	14240.000	1000.000	1432.000	65.000	2631.000	3291.000	1199.000	0.222
0.821	18150.000	14320.000	1000.000	1218.000	69.000	2382.000	3481.000	1164.000	0.222
