         P           T(ns)       T(points)             N11         N10+N11  Exposition(ms)             Ch1             Ch2         N01+N11            Temp
0.6672765826983653	850.000	480.000	13476.000	17673.000	1000.000	34228.000	50001.000	16555.000	0.184
0.7173702754429574	950.000	560.000	13871.000	17563.000	1000.000	33783.000	50001.000	16220.000	0.185
0.7088671855396842	1050.000	640.000	13741.000	17576.000	1000.000	33682.000	50001.000	16106.000	0.185
0.7039910717881581	1150.000	720.000	13582.000	17506.000	1000.000	33423.000	50001.000	15917.000	0.185
0.7016220871550706	1250.000	800.000	13555.000	17494.000	1000.000	33429.000	50001.000	15935.000	0.185
0.6929650421643405	1350.000	880.000	13539.000	17698.000	1000.000	33564.000	50001.000	15866.000	0.185
0.6914642190512578	1450.000	960.000	13418.000	17602.000	1000.000	33315.000	50001.000	15713.000	0.185
0.6832338610932159	1550.000	1040.000	13321.000	17650.000	1000.000	33284.000	50001.000	15634.000	0.185
0.6840525932380097	1650.000	1120.000	13271.000	17575.000	1000.000	33150.000	50001.000	15575.000	0.185
0.6816060363061319	1750.000	1200.000	13274.000	17701.000	1000.000	33181.000	50002.000	15480.000	0.185
0.6795369362649748	1850.000	1280.000	13331.000	17778.000	1000.000	33375.000	50001.000	15597.000	0.185
0.6804990500642675	1950.000	1360.000	13290.000	17710.000	1000.000	33258.000	50002.000	15548.000	0.185
0.6825515536172085	2050.000	1440.000	13178.000	17527.000	1000.000	32956.000	50001.000	15429.000	0.185
0.6785307973891567	2150.000	1520.000	13243.000	17698.000	1000.000	33194.000	50001.000	15496.000	0.185
0.6764848630202048	2250.000	1600.000	13102.000	17615.000	1000.000	32897.000	50001.000	15282.000	0.185
0.6730528815100284	2350.000	1680.000	13159.000	17776.000	1000.000	33101.000	50001.000	15325.000	0.185
0.6602642589827249	2450.000	1760.000	12927.000	17689.000	1000.000	32895.000	50002.000	15206.000	0.185
0.6654093135893046	2550.000	1840.000	12938.000	17637.000	1000.000	32781.000	50001.000	15144.000	0.185
0.6604023537762107	2650.000	1920.000	12948.000	17774.000	1000.000	32916.000	50002.000	15142.000	0.185
0.6618743994333794	2750.000	2000.000	12942.000	17773.000	1000.000	32852.000	50001.000	15079.000	0.185
0.6617066826692696	2850.000	2080.000	12756.000	17496.000	1000.000	32442.000	50001.000	14946.000	0.185
0.6574873371498463	2950.000	2160.000	12873.000	17727.000	1000.000	32817.000	50001.000	15090.000	0.185
0.6572475670508059	3050.000	2240.000	12839.000	17745.000	1000.000	32722.000	50002.000	14977.000	0.185
0.658457328722992	3150.000	2320.000	12749.000	17602.000	1000.000	32484.000	50001.000	14882.000	0.185
0.6550327061576284	3250.000	2400.000	12713.000	17564.000	1000.000	32508.000	50002.000	14944.000	0.185
0.6544331670471643	3350.000	2480.000	12714.000	17666.000	1000.000	32490.000	50001.000	14824.000	0.185
0.6603529045885378	3450.000	2560.000	12739.000	17585.000	1000.000	32401.000	50002.000	14816.000	0.185
0.6521867812712595	3550.000	2640.000	12689.000	17650.000	1000.000	32498.000	50001.000	14848.000	0.185
0.6463823067561144	3650.000	2720.000	12599.000	17631.000	1000.000	32438.000	50001.000	14807.000	0.185
0.646568064815651	3750.000	2800.000	12562.000	17602.000	1000.000	32338.000	50001.000	14736.000	0.185
0.6479815149277263	3850.000	2880.000	12646.000	17712.000	1000.000	32489.000	50001.000	14777.000	0.185
0.6442994061070366	3950.000	2960.000	12625.000	17733.000	1000.000	32541.000	50002.000	14808.000	0.185
0.6472502134954953	4050.000	3040.000	12580.000	17618.000	1000.000	32361.000	50002.000	14743.000	0.185
0.649865530845843	4150.000	3120.000	12764.000	17837.000	1000.000	32715.000	50001.000	14878.000	0.185
0.6434860746157063	4250.000	3200.000	12597.000	17742.000	1000.000	32485.000	50001.000	14743.000	0.185
0.6407366932413815	4350.000	3280.000	12455.000	17613.000	1000.000	32219.000	50002.000	14606.000	0.185
0.6366334023063699	4450.000	3360.000	12434.000	17644.000	1000.000	32281.000	50002.000	14637.000	0.185
0.6363686252291642	4550.000	3440.000	12489.000	17769.000	1000.000	32401.000	50002.000	14632.000	0.185
0.6399577148964272	4650.000	3520.000	12496.000	17680.000	1000.000	32336.000	50001.000	14656.000	0.185
0.6396713789122305	4750.000	3600.000	12494.000	17753.000	1000.000	32314.000	50001.000	14561.000	0.185
0.6347507548630913	4850.000	3680.000	12475.000	17834.000	1000.000	32392.000	50001.000	14558.000	0.185
0.6349755066786594	4950.000	3760.000	12371.000	17650.000	1000.000	32154.000	50002.000	14504.000	0.185
0.6384051302460864	5050.000	3840.000	12386.000	17609.000	1000.000	32100.000	50001.000	14491.000	0.185
0.6417194339700792	5150.000	3920.000	12406.000	17613.000	1000.000	32048.000	50001.000	14435.000	0.185
0.6309758400461455	5250.000	4000.000	12292.000	17617.000	1000.000	32071.000	50002.000	14454.000	0.185
0.6312943192134367	5350.000	4080.000	12307.000	17655.000	1000.000	32090.000	50001.000	14435.000	0.185
0.639587663102658	5450.000	4160.000	12289.000	17441.000	1000.000	31847.000	50002.000	14406.000	0.185
0.6350392666517923	5550.000	4240.000	12322.000	17627.000	1000.000	32021.000	50001.000	14394.000	0.185
0.6338824775326304	5650.000	4320.000	12314.000	17595.000	1000.000	32047.000	50001.000	14452.000	0.185
0.6322654294532929	5750.000	4400.000	12300.000	17637.000	1000.000	32045.000	50002.000	14408.000	0.185
0.6304098322580157	5850.000	4480.000	12264.000	17554.000	1000.000	32032.000	50001.000	14478.000	0.185
0.6308673379969518	5950.000	4560.000	12240.000	17545.000	1000.000	31952.000	50001.000	14407.000	0.185
0.6350720356519226	6050.000	4640.000	12226.000	17488.000	1000.000	31796.000	50001.000	14308.000	0.185
0.622492232676854	6150.000	4720.000	12224.000	17739.000	1000.000	32112.000	50001.000	14373.000	0.185
0.6320292852989254	6250.000	4800.000	12213.000	17549.000	1000.000	31836.000	50002.000	14287.000	0.185
0.626924515212524	6350.000	4880.000	12160.000	17571.000	1000.000	31843.000	50001.000	14272.000	0.185
0.6231467162586578	6450.000	4960.000	12203.000	17661.000	1000.000	32057.000	50001.000	14396.000	0.185
0.6273807808246904	6550.000	5040.000	12302.000	17786.000	1000.000	32159.000	50001.000	14373.000	0.185
0.6180903880520394	6650.000	5120.000	12163.000	17752.000	1000.000	32078.000	50001.000	14326.000	0.185
0.6205260211198299	6750.000	5200.000	12117.000	17595.000	1000.000	31920.000	50001.000	14325.000	0.185
0.6284903072963162	6850.000	5280.000	12230.000	17636.000	1000.000	31968.000	50001.000	14333.000	0.185
0.622921265514543	6950.000	5360.000	12151.000	17595.000	1000.000	31939.000	50001.000	14344.000	0.185
0.6133481459622062	7050.000	5440.000	12103.000	17795.000	1000.000	32049.000	50002.000	14254.000	0.185
0.6264083784296628	7150.000	5520.000	12104.000	17499.000	1000.000	31725.000	50001.000	14226.000	0.185
0.6253774421777185	7250.000	5600.000	12191.000	17679.000	1000.000	31945.000	50001.000	14266.000	0.185
0.6206833561255396	7350.000	5680.000	12123.000	17625.000	1000.000	31922.000	50002.000	14297.000	0.185
0.6239353328116216	7450.000	5760.000	12166.000	17612.000	1000.000	31943.000	50001.000	14331.000	0.185
0.6158619069695558	7550.000	5840.000	12004.000	17511.000	1000.000	31778.000	50002.000	14267.000	0.185
0.6151350057897655	7650.000	5920.000	12015.000	17635.000	1000.000	31792.000	50001.000	14157.000	0.185
0.6197486146824255	7750.000	6000.000	12083.000	17618.000	1000.000	31841.000	50001.000	14223.000	0.185
0.616839355291977	7850.000	6080.000	12020.000	17570.000	1000.000	31772.000	50001.000	14202.000	0.185
0.621279851387432	7950.000	6160.000	12074.000	17581.000	1000.000	31778.000	50001.000	14197.000	0.185
0.6157163211067174	8050.000	6240.000	12049.000	17659.000	1000.000	31862.000	50002.000	14203.000	0.185
0.6188949924244431	8150.000	6320.000	12108.000	17666.000	1000.000	31924.000	50002.000	14258.000	0.185
0.6166281227799778	8250.000	6400.000	11984.000	17550.000	1000.000	31683.000	50002.000	14133.000	0.185
0.618184960823925	8350.000	6480.000	11968.000	17519.000	1000.000	31597.000	50001.000	14078.000	0.185
0.6080855275867494	8450.000	6560.000	11928.000	17608.000	1000.000	31782.000	50002.000	14174.000	0.185
0.6145787046598498	8550.000	6640.000	12028.000	17644.000	1000.000	31844.000	50001.000	14200.000	0.185
0.6151086939949908	8650.000	6720.000	12018.000	17608.000	1000.000	31810.000	50001.000	14202.000	0.185
0.619663354345424	8750.000	6800.000	12039.000	17599.000	1000.000	31725.000	50001.000	14126.000	0.185
0.6171301472882869	8850.000	6880.000	11970.000	17501.000	1000.000	31643.000	50001.000	14142.000	0.185
0.6142103441705594	8950.000	6960.000	12020.000	17680.000	1000.000	31822.000	50001.000	14142.000	0.185
0.607222717758027	9050.000	7040.000	11858.000	17560.000	1000.000	31626.000	50001.000	14066.000	0.185
0.6159517757870656	9150.000	7120.000	11954.000	17482.000	1000.000	31642.000	50001.000	14160.000	0.185
0.6099987469809541	9250.000	7200.000	11829.000	17455.000	1000.000	31487.000	50002.000	14032.000	0.185
0.6116799028876807	9350.000	7280.000	11819.000	17460.000	1000.000	31402.000	50002.000	13942.000	0.185
0.6099428621575079	9450.000	7360.000	11887.000	17527.000	1000.000	31631.000	50002.000	14104.000	0.185
0.6058144289563027	9550.000	7440.000	11866.000	17626.000	1000.000	31674.000	50002.000	14048.000	0.185
0.607804368201953	9650.000	7520.000	11819.000	17494.000	1000.000	31517.000	50002.000	14023.000	0.185
0.6180397642635205	9750.000	7600.000	11963.000	17554.000	1000.000	31576.000	50001.000	14022.000	0.185
0.6082599609104836	9850.000	7680.000	11861.000	17595.000	1000.000	31590.000	50001.000	13995.000	0.185
0.6076439689768036	9950.000	7760.000	11804.000	17464.000	1000.000	31489.000	50001.000	14025.000	0.185
0.6045523865467882	10050.000	7840.000	11841.000	17656.000	1000.000	31635.000	50002.000	13979.000	0.185
0.6045740447755539	10150.000	7920.000	11810.000	17627.000	1000.000	31555.000	50002.000	13928.000	0.185
0.6019439580369047	10250.000	8000.000	11788.000	17563.000	1000.000	31597.000	50001.000	14034.000	0.185
0.6041104820673376	10350.000	8080.000	11769.000	17562.000	1000.000	31473.000	50002.000	13911.000	0.185
0.6050401706711585	10450.000	8160.000	11907.000	17720.000	1000.000	31787.000	50001.000	14067.000	0.185
0.6100648251030878	10550.000	8240.000	11867.000	17555.000	1000.000	31561.000	50001.000	14006.000	0.185
0.5998465411570179	10650.000	8320.000	11769.000	17599.000	1000.000	31600.000	50001.000	14001.000	0.185
0.6014099334470236	10750.000	8400.000	11748.000	17568.000	1000.000	31499.000	50002.000	13931.000	0.185
0.6090762304334777	10850.000	8480.000	11835.000	17523.000	1000.000	31512.000	50001.000	13989.000	0.185
0.6074151378770085	10950.000	8560.000	11736.000	17432.000	1000.000	31312.000	50001.000	13880.000	0.185
0.5959375876424883	11050.000	8640.000	11632.000	17562.000	1000.000	31348.000	50001.000	13786.000	0.185
0.6009159772658863	11150.000	8720.000	11637.000	17381.000	1000.000	31256.000	50001.000	13875.000	0.185
0.6003662973237431	11250.000	8800.000	11738.000	17546.000	1000.000	31511.000	50001.000	13965.000	0.185
0.5986540777098205	11350.000	8880.000	11687.000	17501.000	1000.000	31435.000	50002.000	13934.000	0.185
0.596518586316982	11450.000	8960.000	11641.000	17504.000	1000.000	31372.000	50001.000	13868.000	0.185
0.6020769367921266	11550.000	9040.000	11722.000	17497.000	1000.000	31425.000	50002.000	13928.000	0.185
0.5909852453139559	11650.000	9120.000	11642.000	17664.000	1000.000	31508.000	50001.000	13844.000	0.185
0.5911050642019008	11750.000	9200.000	11693.000	17698.000	1000.000	31639.000	50001.000	13941.000	0.185
0.6007849155587559	11850.000	9280.000	11695.000	17516.000	1000.000	31384.000	50002.000	13868.000	0.185
0.5904315145459315	11950.000	9360.000	11494.000	17432.000	1000.000	31171.000	50001.000	13739.000	0.185
0.6035298918391481	12050.000	9440.000	11587.000	17368.000	1000.000	31031.000	50001.000	13663.000	0.185
0.5931685248451841	12150.000	9520.000	11549.000	17467.000	1000.000	31229.000	50001.000	13762.000	0.185
0.5911113950428393	12250.000	9600.000	11487.000	17405.000	1000.000	31137.000	50002.000	13732.000	0.185
0.5978439545515595	12350.000	9680.000	11601.000	17421.000	1000.000	31240.000	50002.000	13819.000	0.185
0.5900267895888248	12450.000	9760.000	11546.000	17537.000	1000.000	31302.000	50001.000	13765.000	0.185
0.5929221566390416	12550.000	9840.000	11520.000	17467.000	1000.000	31154.000	50001.000	13687.000	0.185
0.5970528324709383	12650.000	9920.000	11645.000	17558.000	1000.000	31350.000	50001.000	13792.000	0.185
0.5904169830144999	12750.000	10000.000	11569.000	17561.000	1000.000	31348.000	50001.000	13787.000	0.185
0.5857352254018924	12850.000	10080.000	11515.000	17565.000	1000.000	31345.000	50001.000	13780.000	0.185
0.5905588286826723	12950.000	10160.000	11583.000	17601.000	1000.000	31372.000	50002.000	13771.000	0.185
0.5899297420173035	13050.000	10240.000	11445.000	17411.000	1000.000	31053.000	50001.000	13642.000	0.185
0.5871777880945657	13150.000	10320.000	11521.000	17531.000	1000.000	31325.000	50002.000	13794.000	0.185
0.5899857041264268	13250.000	10400.000	11437.000	17349.000	1000.000	31047.000	50001.000	13698.000	0.185
0.5867549776762457	13350.000	10480.000	11547.000	17641.000	1000.000	31382.000	50001.000	13741.000	0.185
0.5803520416978225	13450.000	10560.000	11390.000	17531.000	1000.000	31173.000	50002.000	13642.000	0.185
0.5850551575653665	13550.000	10640.000	11541.000	17641.000	1000.000	31420.000	50001.000	13779.000	0.185
0.5847659120092839	13650.000	10720.000	11515.000	17640.000	1000.000	31356.000	50002.000	13716.000	0.185
0.585096871574268	13750.000	10800.000	11344.000	17341.000	1000.000	30941.000	50001.000	13600.000	0.185
0.5878418720187225	13850.000	10880.000	11431.000	17490.000	1000.000	31058.000	50001.000	13568.000	0.185
0.5854107740350967	13950.000	10960.000	11382.000	17375.000	1000.000	31030.000	50001.000	13655.000	0.185
0.5831561239932417	14050.000	11040.000	11438.000	17552.000	1000.000	31213.000	50001.000	13661.000	0.185
0.580824663542183	14150.000	11120.000	11349.000	17511.000	1000.000	31046.000	50001.000	13535.000	0.185
0.5770058911452192	14250.000	11200.000	11327.000	17546.000	1000.000	31099.000	50002.000	13552.000	0.185
0.5845430604296646	14350.000	11280.000	11362.000	17479.000	1000.000	30971.000	50001.000	13492.000	0.185
0.5788156914110403	14450.000	11360.000	11349.000	17501.000	1000.000	31114.000	50001.000	13613.000	0.185
0.5800432799144143	14550.000	11440.000	11324.000	17449.000	1000.000	31017.000	50002.000	13568.000	0.185
0.573328900269063	14650.000	11520.000	11348.000	17643.000	1000.000	31252.000	50002.000	13609.000	0.185
0.5723886649302723	14750.000	11600.000	11334.000	17545.000	1000.000	31268.000	50001.000	13723.000	0.185
0.5801360554374229	14850.000	11680.000	11423.000	17609.000	1000.000	31253.000	50001.000	13644.000	0.185
0.5747469590008579	14950.000	11760.000	11307.000	17513.000	1000.000	31123.000	50001.000	13610.000	0.185
0.5729066289894428	15050.000	11840.000	11294.000	17523.000	1000.000	31143.000	50001.000	13620.000	0.185
0.5724826910843883	15150.000	11920.000	11273.000	17485.000	1000.000	31107.000	50001.000	13622.000	0.185
0.5729454206476421	15250.000	12000.000	11301.000	17611.000	1000.000	31139.000	50001.000	13528.000	0.185
0.5786276367647725	15350.000	12080.000	11365.000	17537.000	1000.000	31156.000	50001.000	13619.000	0.185
0.5749977606995897	15450.000	12160.000	11251.000	17438.000	1000.000	30975.000	50001.000	13537.000	0.185
0.5689636902729097	15550.000	12240.000	11144.000	17433.000	1000.000	30866.000	50001.000	13433.000	0.185
0.5712292918979399	15650.000	12320.000	11248.000	17520.000	1000.000	31067.000	50001.000	13547.000	0.185
0.5711784864729188	15750.000	12400.000	11182.000	17414.000	1000.000	30908.000	50001.000	13494.000	0.185
0.5657646997957706	15850.000	12480.000	11185.000	17612.000	1000.000	31042.000	50001.000	13430.000	0.185
0.569732887474817	15950.000	12560.000	11232.000	17547.000	1000.000	31063.000	50001.000	13516.000	0.185
0.5703065090319279	16050.000	12640.000	11246.000	17552.000	1000.000	31083.000	50001.000	13531.000	0.185
0.5663779688606153	16150.000	12720.000	11140.000	17455.000	1000.000	30933.000	50002.000	13478.000	0.185
0.5693623224875242	16250.000	12800.000	11115.000	17444.000	1000.000	30767.000	50001.000	13323.000	0.185
0.5635972032381003	16350.000	12880.000	11157.000	17569.000	1000.000	31043.000	50001.000	13474.000	0.185
0.5732923595159212	16450.000	12960.000	11271.000	17573.000	1000.000	31052.000	50001.000	13479.000	0.185
0.5611305884603369	16550.000	13040.000	11132.000	17585.000	1000.000	31048.000	50001.000	13463.000	0.185
0.569092583177823	16650.000	13120.000	11101.000	17393.000	1000.000	30749.000	50002.000	13356.000	0.185
0.5606352676868267	16750.000	13200.000	11058.000	17443.000	1000.000	30888.000	50001.000	13445.000	0.185
0.5541520078366645	16850.000	13280.000	11047.000	17579.000	1000.000	31034.000	50002.000	13455.000	0.185
0.5641190234647461	16950.000	13360.000	11073.000	17473.000	1000.000	30810.000	50001.000	13337.000	0.185
0.5625974182871006	17050.000	13440.000	11147.000	17615.000	1000.000	31036.000	50001.000	13421.000	0.185
0.5591349122090898	17150.000	13520.000	11075.000	17562.000	1000.000	30956.000	50001.000	13394.000	0.185
0.5550816101368048	17250.000	13600.000	11052.000	17601.000	1000.000	31013.000	50002.000	13412.000	0.185
0.5538856076860277	17350.000	13680.000	11034.000	17667.000	1000.000	30986.000	50001.000	13319.000	0.185
0.5564714225912208	17450.000	13760.000	11093.000	17687.000	1000.000	31065.000	50001.000	13378.000	0.185
0.5568153718347127	17550.000	13840.000	10987.000	17500.000	1000.000	30795.000	50001.000	13295.000	0.185
0.5514917666303262	17650.000	13920.000	10981.000	17608.000	1000.000	30926.000	50001.000	13318.000	0.185
0.5470241610041187	17750.000	14000.000	10877.000	17491.000	1000.000	30801.000	50001.000	13310.000	0.185
0.5585810056583898	17850.000	14080.000	10962.000	17450.000	1000.000	30678.000	50001.000	13228.000	0.185
0.5546367044910508	17950.000	14160.000	10936.000	17454.000	1000.000	30731.000	50002.000	13277.000	0.185
0.5571689832928742	18050.000	14240.000	11080.000	17592.000	1000.000	31027.000	50002.000	13435.000	0.185
0.5480181082211264	18150.000	14320.000	10883.000	17499.000	1000.000	30784.000	50001.000	13285.000	0.185
