P	T(ns)		T(точки)	n		N		Exposition(ms)	Ch1		Ch2		SS	Temp
0.06093655075210809	850.000	240.000	70.000	1075.000	1000.000	1245.000	25000.000	170.000	0.224
0.05061382520732114	950.000	280.000	55.000	1025.000	1000.000	1153.000	25001.000	128.000	0.224
0.05061293636791751	1050.000	320.000	58.000	1085.000	1000.000	1211.000	25001.000	126.000	0.224
0.061021923351603245	1150.000	360.000	69.000	1079.000	1000.000	1218.000	25001.000	139.000	0.224
0.033811425874552506	1250.000	400.000	40.000	1090.000	1000.000	1199.000	25000.000	109.000	0.224
0.05595134787229366	1350.000	440.000	58.000	993.000	1000.000	1110.000	25001.000	117.000	0.224
0.03270908773345404	1450.000	480.000	39.000	1088.000	1000.000	1202.000	25000.000	114.000	0.224
0.03982734364009888	1550.000	520.000	46.000	1093.000	1000.000	1193.000	25001.000	100.000	0.224
0.03638280689160086	1650.000	560.000	43.000	1120.000	1000.000	1211.000	25000.000	91.000	0.224
0.04505405888142769	1750.000	600.000	52.000	1101.000	1000.000	1205.000	25001.000	104.000	0.224
0.02954843372148454	1850.000	640.000	34.000	1089.000	1000.000	1163.000	25000.000	74.000	0.224
0.03622723128275224	1950.000	680.000	41.000	1083.000	1000.000	1163.000	25001.000	80.000	0.224
0.028430925362063087	2050.000	720.000	34.000	1120.000	1000.000	1200.000	25001.000	80.000	0.224
0.02268344532016796	2150.000	760.000	27.000	1088.000	1000.000	1166.000	25001.000	78.000	0.224
0.029449001280952104	2250.000	800.000	33.000	1059.000	1000.000	1133.000	25001.000	74.000	0.224
0.025650684023254534	2350.000	840.000	29.000	1055.000	1000.000	1128.000	25001.000	73.000	0.224
0.019427645124889665	2450.000	880.000	23.000	1112.000	1000.000	1165.000	25001.000	53.000	0.224
0.03665823739757479	2550.000	920.000	41.000	1072.000	1000.000	1151.000	25001.000	79.000	0.224
0.027320692250933278	2650.000	960.000	31.000	1077.000	1000.000	1143.000	25001.000	66.000	0.224
0.017876680860382726	2750.000	1000.000	20.000	1041.000	1000.000	1093.000	25000.000	52.000	0.224
0.01732611826451544	2850.000	1040.000	19.000	1032.000	1000.000	1077.000	25001.000	45.000	0.224
0.01961586072787105	2950.000	1080.000	23.000	1102.000	1000.000	1155.000	25001.000	53.000	0.224
0.017136922144576943	3050.000	1120.000	20.000	1085.000	1000.000	1136.000	25000.000	51.000	0.224
0.019126812243018917	3150.000	1160.000	22.000	1102.000	1000.000	1144.000	25000.000	42.000	0.224
0.01420534221888827	3250.000	1200.000	16.000	1055.000	1000.000	1094.000	25000.000	39.000	0.224
0.015549793225003383	3350.000	1240.000	19.000	1139.000	1000.000	1185.000	25001.000	46.000	0.224
0.012917790569384559	3450.000	1280.000	15.000	1084.000	1000.000	1121.000	25001.000	37.000	0.224
0.012097087110069099	3550.000	1320.000	14.000	1079.000	1000.000	1114.000	25000.000	35.000	0.224
0.016775041056983575	3650.000	1360.000	19.000	1084.000	1000.000	1121.000	25000.000	37.000	0.224
0.012387874101945959	3750.000	1400.000	15.000	1120.000	1000.000	1159.000	25001.000	39.000	0.224
0.015307984680947946	3850.000	1440.000	18.000	1112.000	1000.000	1151.000	25001.000	39.000	0.224
0.012319701525964892	3950.000	1480.000	14.000	1071.000	1000.000	1103.000	25001.000	32.000	0.224
0.005137760845965181	4050.000	1520.000	6.000	1064.000	1000.000	1082.000	25000.000	18.000	0.224
0.011276384813127675	4150.000	1560.000	13.000	1077.000	1000.000	1109.000	25001.000	32.000	0.224
0.013075824592131935	4250.000	1600.000	15.000	1088.000	1000.000	1120.000	25000.000	32.000	0.224
0.011602396052469497	4350.000	1640.000	14.000	1133.000	1000.000	1165.000	25000.000	32.000	0.224
0.004597543478502657	4450.000	1680.000	6.000	1130.000	1000.000	1153.000	25000.000	23.000	0.224
0.0038761861167885955	4550.000	1720.000	5.000	1090.000	1000.000	1112.000	25001.000	22.000	0.224
0.0066784785310197055	4650.000	1760.000	8.000	1095.000	1000.000	1118.000	25001.000	23.000	0.224
0.0028466885248759717	4750.000	1800.000	4.000	1074.000	1000.000	1099.000	25000.000	25.000	0.224
0.008590362938189025	4850.000	1840.000	10.000	1080.000	1000.000	1106.000	25000.000	26.000	0.224
0.008376033524478053	4950.000	1880.000	10.000	1137.000	1000.000	1157.000	25001.000	20.000	0.224
0.004129098074748161	5050.000	1920.000	5.000	1016.000	1000.000	1040.000	25001.000	24.000	0.224
0.004760423114149477	5150.000	1960.000	6.000	1131.000	1000.000	1150.000	25001.000	19.000	0.224
0.007246428538611788	5250.000	2000.000	9.000	1102.000	1000.000	1133.000	25001.000	31.000	0.224
0.0029150868882702285	5350.000	2040.000	4.000	1103.000	1000.000	1124.000	25000.000	21.000	0.224
0.0030695820244649487	5450.000	2080.000	4.000	1133.000	1000.000	1148.000	25001.000	15.000	0.224
0.00622619733163419	5550.000	2120.000	7.000	1067.000	1000.000	1082.000	25001.000	15.000	0.224
0.0055662553989597	5650.000	2160.000	7.000	1186.000	1000.000	1201.000	25000.000	15.000	0.224
0.006009715451912599	5750.000	2200.000	7.000	1089.000	1000.000	1106.000	25001.000	17.000	0.224
0.005186638535176015	5850.000	2240.000	6.000	1095.000	1000.000	1108.000	25001.000	13.000	0.224
0.002921734020010566	5950.000	2280.000	4.000	1101.000	1000.000	1122.000	25000.000	21.000	0.224
0.0022595461156942396	6050.000	2320.000	3.000	1103.000	1000.000	1117.000	25000.000	14.000	0.224
0.0035245549251508124	6150.000	2360.000	4.000	1048.000	1000.000	1059.000	25001.000	11.000	0.224
0.0034029725391368157	6250.000	2400.000	4.000	1047.000	1000.000	1061.000	25001.000	14.000	0.224
0.004017691519935443	6350.000	2440.000	5.000	1127.000	1000.000	1142.000	25001.000	15.000	0.224
0.0004012855178012961	6450.000	2480.000	1.000	1059.000	1000.000	1073.000	25000.000	14.000	0.224
0.004841767330757421	6550.000	2520.000	6.000	1114.000	1000.000	1133.000	25001.000	19.000	0.224
0.0005200554600660301	6650.000	2560.000	1.000	1115.000	1000.000	1125.000	25000.000	10.000	0.224
0.004305996843954187	6750.000	2600.000	5.000	1139.000	1000.000	1146.000	25000.000	7.000	0.224
0.006218654316914781	6850.000	2640.000	7.000	1082.000	1000.000	1095.000	25001.000	13.000	0.224
0.0033141220594968923	6950.000	2680.000	4.000	1060.000	1000.000	1075.000	25001.000	15.000	0.224
0.0023262471348104016	7050.000	2720.000	3.000	1061.000	1000.000	1076.000	25000.000	15.000	0.224
0.00416059926525462	7150.000	2760.000	5.000	1063.000	1000.000	1081.000	25001.000	18.000	0.224
0.00139479156921601	7250.000	2800.000	2.000	1103.000	1000.000	1115.000	25001.000	12.000	0.224
0.001448696144255224	7350.000	2840.000	2.000	1148.000	1000.000	1157.000	25001.000	9.000	0.224
0.003432281668006443	7450.000	2880.000	4.000	1062.000	1000.000	1074.000	25000.000	12.000	0.224
0.0007342931982620319	7550.000	2920.000	1.000	1109.000	1000.000	1114.000	25001.000	5.000	0.224
0.003523182834190259	7650.000	2960.000	4.000	1122.000	1000.000	1127.000	25000.000	5.000	0.224
0.0007463764319370803	7750.000	3000.000	1.000	1047.000	1000.000	1053.000	25001.000	6.000	0.224
0.0026131350883559835	7850.000	3040.000	3.000	1079.000	1000.000	1086.000	25000.000	7.000	0.224
0.000692438184031327	7950.000	3080.000	1.000	1109.000	1000.000	1115.000	25001.000	6.000	0.224
0.0025713308159593445	8050.000	3120.000	3.000	1079.000	1000.000	1087.000	25000.000	8.000	0.224
0.0015557744603069247	8150.000	3160.000	2.000	1082.000	1000.000	1091.000	25001.000	9.000	0.224
0.0012871518153208293	8250.000	3200.000	2.000	1144.000	1000.000	1157.000	25000.000	13.000	0.224
0.0025013630439178315	8350.000	3240.000	3.000	1090.000	1000.000	1099.000	25001.000	9.000	0.224
0.0006448483257814711	8450.000	3280.000	1.000	1022.000	1000.000	1031.000	25001.000	9.000	0.224
-0.00020945917640651838	8550.000	3320.000	0.000	1130.000	1000.000	1135.000	25001.000	5.000	0.224
0.0004992136358875171	8650.000	3360.000	1.000	1090.000	1000.000	1101.000	25001.000	11.000	0.224
0.0015526236976088018	8750.000	3400.000	2.000	1060.000	1000.000	1070.000	25000.000	10.000	0.224
-0.00029298509961493387	8850.000	3440.000	0.000	1108.000	1000.000	1115.000	25000.000	7.000	0.224
0.0007890362199952714	8950.000	3480.000	1.000	1046.000	1000.000	1051.000	25000.000	5.000	0.224
0.0006725039390895192	9050.000	3520.000	1.000	1083.000	1000.000	1090.000	25001.000	7.000	0.224
0.0006234026681780881	9150.000	3560.000	1.000	1143.000	1000.000	1150.000	25001.000	7.000	0.224
0.0014601514899970156	9250.000	3600.000	2.000	1089.000	1000.000	1100.000	25000.000	11.000	0.224
0.0006707809129187178	9350.000	3640.000	1.000	1085.000	1000.000	1092.000	25001.000	7.000	0.224
-0.0003346020327073487	9450.000	3680.000	0.000	1092.000	1000.000	1100.000	25001.000	8.000	0.224
-0.00020916126333403055	9550.000	3720.000	0.000	1096.000	1000.000	1101.000	25001.000	5.000	0.224
0.0034974859970218035	9650.000	3760.000	4.000	1044.000	1000.000	1056.000	25001.000	12.000	0.224
0.0006834769083512802	9750.000	3800.000	1.000	1120.000	1000.000	1126.000	25000.000	6.000	0.224
0.000684743349061818	9850.000	3840.000	1.000	1069.000	1000.000	1076.000	25001.000	7.000	0.224
0.0033412808465966264	9950.000	3880.000	4.000	1076.000	1000.000	1089.000	25000.000	13.000	0.224
0.0007151755783285533	10050.000	3920.000	1.000	1082.000	1000.000	1088.000	25001.000	6.000	0.224
0.004066189510834123	10150.000	3960.000	5.000	1136.000	1000.000	1149.000	25001.000	13.000	0.224
0.0017328484185164495	10250.000	4000.000	2.000	1101.000	1000.000	1105.000	25001.000	4.000	0.224
0.001602362918636928	10350.000	4040.000	2.000	1104.000	1000.000	1111.000	25001.000	7.000	0.224
0.0006995737386215619	10450.000	4080.000	1.000	1153.000	1000.000	1158.000	25001.000	5.000	0.224
0.0015425288055483277	10550.000	4120.000	2.000	1115.000	1000.000	1123.000	25001.000	8.000	0.224
0.0008391271484071534	10650.000	4160.000	1.000	1037.000	1000.000	1041.000	25000.000	4.000	0.224
0.0008346336321639707	10750.000	4200.000	1.000	1089.000	1000.000	1092.000	25001.000	3.000	0.224
0.0017344998098136174	10850.000	4240.000	2.000	1100.000	1000.000	1104.000	25000.000	4.000	0.224
0.0007992734976833163	10950.000	4280.000	1.000	1035.000	1000.000	1040.000	25000.000	5.000	0.224
-0.0002092487968194183	11050.000	4320.000	0.000	1106.000	1000.000	1111.000	25001.000	5.000	0.224
0.0008254124019154771	11150.000	4360.000	1.000	1100.000	1000.000	1103.000	25001.000	3.000	0.224
-0.0002929728372326623	11250.000	4400.000	0.000	1108.000	1000.000	1115.000	25001.000	7.000	0.224
-0.00029280127159409376	11350.000	4440.000	0.000	1094.000	1000.000	1101.000	25001.000	7.000	0.224
0.0015370248949200874	11450.000	4480.000	2.000	1093.000	1000.000	1102.000	25000.000	9.000	0.224
-8.357709987463435e-05	11550.000	4520.000	0.000	1071.000	1000.000	1073.000	25001.000	2.000	0.224
0.0006375905139517135	11650.000	4560.000	1.000	1125.000	1000.000	1132.000	25001.000	7.000	0.224
0.0016246385606896896	11750.000	4600.000	2.000	1116.000	1000.000	1122.000	25000.000	6.000	0.224
0.0008798442255646197	11850.000	4640.000	1.000	1085.000	1000.000	1087.000	25000.000	2.000	0.224
-8.37696335078534e-05	11950.000	4680.000	0.000	1126.000	1000.000	1128.000	25001.000	2.000	0.224
0.0016690438979689187	12050.000	4720.000	2.000	1065.000	1000.000	1072.000	25001.000	7.000	0.224
-0.00016735001255125095	12150.000	4760.000	0.000	1098.000	1000.000	1102.000	25000.000	4.000	0.224
0.0016833182845840391	12250.000	4800.000	2.000	1057.000	1000.000	1064.000	25000.000	7.000	0.224
0.0007810795431329628	12350.000	4840.000	1.000	1103.000	1000.000	1107.000	25000.000	4.000	0.224
0.0015060339679189504	12450.000	4880.000	2.000	1138.000	1000.000	1146.000	25001.000	8.000	0.224
0.00275738434670362	12550.000	4920.000	3.000	1056.000	1000.000	1061.000	25001.000	5.000	0.224
-0.00020925755419770654	12650.000	4960.000	0.000	1107.000	1000.000	1112.000	25001.000	5.000	0.224
0.0006991247735081597	12750.000	5000.000	1.000	1053.000	1000.000	1060.000	25001.000	7.000	0.224
-0.00025080466496676837	12850.000	5040.000	0.000	1078.000	1000.000	1084.000	25001.000	6.000	0.224
-0.00020933640360058616	12950.000	5080.000	0.000	1116.000	1000.000	1121.000	25001.000	5.000	0.224
0.0024127955290716746	13050.000	5120.000	3.000	1144.000	1000.000	1152.000	25001.000	8.000	0.224
-0.0002089427496865859	13150.000	5160.000	0.000	1071.000	1000.000	1076.000	25001.000	5.000	0.224
0.0007908885923806335	13250.000	5200.000	1.000	1044.000	1000.000	1049.000	25001.000	5.000	0.224
0.000846641485666075	13350.000	5240.000	1.000	1075.000	1000.000	1078.000	25001.000	3.000	0.224
0.0014799766529688945	13450.000	5280.000	2.000	1155.000	1000.000	1163.000	25000.000	8.000	0.224
-8.37065249236178e-05	13550.000	5320.000	0.000	1108.000	1000.000	1110.000	25001.000	2.000	0.224
-0.0001674130498472356	13650.000	5360.000	0.000	1108.000	1000.000	1112.000	25001.000	4.000	0.224
-0.0001255387705569737	13750.000	5400.000	0.000	1104.000	1000.000	1107.000	25001.000	3.000	0.224
0.0017286920848370128	13850.000	5440.000	2.000	1055.000	1000.000	1061.000	25001.000	6.000	0.224
0.0005753086824509541	13950.000	5480.000	1.000	1151.000	1000.000	1159.000	25001.000	8.000	0.224
-0.00016722408026755852	14050.000	5520.000	0.000	1080.000	1000.000	1084.000	25000.000	4.000	0.224
0.0	14150.000	5560.000	0.000	1071.000	1000.000	1071.000	25000.000	0.000	0.224
0.0006647993912204043	14250.000	5600.000	1.000	1092.000	1000.000	1099.000	25001.000	7.000	0.224
0.00043964630870789044	14350.000	5640.000	1.000	1111.000	1000.000	1123.000	25001.000	12.000	0.224
-8.375209380234506e-05	14450.000	5680.000	0.000	1121.000	1000.000	1123.000	25001.000	2.000	0.224
-8.363651570275582e-05	14550.000	5720.000	0.000	1088.000	1000.000	1090.000	25001.000	2.000	0.224
0.0007712591443867335	14650.000	5760.000	1.000	1115.000	1000.000	1119.000	25000.000	4.000	0.224
0.0017341121225265643	14750.000	5800.000	2.000	1052.000	1000.000	1058.000	25000.000	6.000	0.224
0.0007561229707811323	14850.000	5840.000	1.000	1083.000	1000.000	1088.000	25001.000	5.000	0.224
0.0005250006516029541	14950.000	5880.000	1.000	1162.000	1000.000	1171.000	25001.000	9.000	0.224
-4.1848008034817545e-05	15050.000	5920.000	0.000	1104.000	1000.000	1105.000	25000.000	1.000	0.224
0.0017026673056448399	15150.000	5960.000	2.000	1094.000	1000.000	1099.000	25001.000	5.000	0.224
0.0007794280974739599	15250.000	6000.000	1.000	1105.000	1000.000	1109.000	25000.000	4.000	0.224
0.0016846277715842934	15350.000	6040.000	2.000	1080.000	1000.000	1086.000	25000.000	6.000	0.224
0.0008493877965700364	15450.000	6080.000	1.000	1122.000	1000.000	1124.000	25001.000	2.000	0.224
-0.0004601355308290806	15550.000	6120.000	0.000	1095.000	1000.000	1106.000	25001.000	11.000	0.224
-4.177458434288579e-05	15650.000	6160.000	0.000	1062.000	1000.000	1063.000	25000.000	1.000	0.224
-0.0001258019876714052	15750.000	6200.000	0.000	1154.000	1000.000	1157.000	25001.000	3.000	0.224
-0.00012543379186352803	15850.000	6240.000	0.000	1084.000	1000.000	1087.000	25001.000	3.000	0.224
-0.00020953817785600537	15950.000	6280.000	0.000	1138.000	1000.000	1143.000	25000.000	5.000	0.224
-0.00016773598356187362	16050.000	6320.000	0.000	1153.000	1000.000	1157.000	25000.000	4.000	0.224
-0.00016749717348519744	16150.000	6360.000	0.000	1119.000	1000.000	1123.000	25000.000	4.000	0.224
-0.00020870726718704347	16250.000	6400.000	0.000	1043.000	1000.000	1048.000	25000.000	5.000	0.224
0.0007826390544502009	16350.000	6440.000	1.000	1053.000	1000.000	1058.000	25001.000	5.000	0.224
0.0006725039390895192	16450.000	6480.000	1.000	1083.000	1000.000	1090.000	25001.000	7.000	0.224
0.000785707775043296	16550.000	6520.000	1.000	1150.000	1000.000	1153.000	25000.000	3.000	0.224
-0.00012568077084206116	16650.000	6560.000	0.000	1130.000	1000.000	1133.000	25000.000	3.000	0.224
-0.0002509095471082675	16750.000	6600.000	0.000	1088.000	1000.000	1094.000	25001.000	6.000	0.224
0.0017195846583209738	16850.000	6640.000	2.000	1084.000	1000.000	1089.000	25001.000	5.000	0.224
-0.00012556504269211453	16950.000	6680.000	0.000	1109.000	1000.000	1112.000	25001.000	3.000	0.224
-0.0002088903743315508	17050.000	6720.000	0.000	1065.000	1000.000	1070.000	25001.000	5.000	0.224
-8.365750616974108e-05	17150.000	6760.000	0.000	1093.000	1000.000	1095.000	25000.000	2.000	0.224
0.0008383775667751059	17250.000	6800.000	1.000	1136.000	1000.000	1138.000	25000.000	2.000	0.224
-0.00016709833737154316	17350.000	6840.000	0.000	1063.000	1000.000	1067.000	25001.000	4.000	0.224
0.0017298852370898996	17450.000	6880.000	2.000	1078.000	1000.000	1083.000	25001.000	5.000	0.224
-8.385041086701326e-05	17550.000	6920.000	0.000	1149.000	1000.000	1151.000	25001.000	2.000	0.224
0.0	17650.000	6960.000	0.000	1090.000	1000.000	1090.000	25000.000	0.000	0.224
-0.00020946795140343527	17750.000	7000.000	0.000	1131.000	1000.000	1136.000	25001.000	5.000	0.224
0.0007720747423968583	17850.000	7040.000	1.000	1114.000	1000.000	1118.000	25001.000	4.000	0.224
0.0016497409081670644	17950.000	7080.000	2.000	1076.000	1000.000	1083.000	25000.000	7.000	0.224
-0.00020925755419770654	18050.000	7120.000	0.000	1106.000	1000.000	1111.000	25000.000	5.000	0.224
-4.1827003513468296e-05	18150.000	7160.000	0.000	1093.000	1000.000	1094.000	25001.000	1.000	0.224
0.0	18250.000	7200.000	0.000	1096.000	1000.000	1096.000	25001.000	0.000	0.224
0.0015091491753791131	18350.000	7240.000	2.000	1136.000	1000.000	1144.000	25001.000	8.000	0.224
-4.18532624618089e-05	18450.000	7280.000	0.000	1107.000	1000.000	1108.000	25000.000	1.000	0.224
-0.00012556504269211453	18550.000	7320.000	0.000	1108.000	1000.000	1111.000	25000.000	3.000	0.224
-0.0001256071009881092	18650.000	7360.000	0.000	1117.000	1000.000	1120.000	25001.000	3.000	0.224
0.0007362300393427447	18750.000	7400.000	1.000	1160.000	1000.000	1164.000	25000.000	4.000	0.224
0.0035759948268586214	18850.000	7440.000	4.000	1093.000	1000.000	1099.000	25000.000	6.000	0.224
-0.00012530804895367778	18950.000	7480.000	0.000	1060.000	1000.000	1063.000	25001.000	3.000	0.224
-0.00012570183524679462	19050.000	7520.000	0.000	1134.000	1000.000	1137.000	25000.000	3.000	0.224
-0.000292654375182909	19150.000	7560.000	0.000	1082.000	1000.000	1089.000	25001.000	7.000	0.224
0.001455544001417534	19250.000	7600.000	2.000	1117.000	1000.000	1127.000	25000.000	10.000	0.224
0.0005427533263964224	19350.000	7640.000	1.000	1088.000	1000.000	1098.000	25001.000	10.000	0.224
-0.00025082563437983364	19450.000	7680.000	0.000	1079.000	1000.000	1085.000	25000.000	6.000	0.224
-0.00029276453366792137	19550.000	7720.000	0.000	1091.000	1000.000	1098.000	25001.000	7.000	0.224
-0.00020518713066316482	19650.000	7760.000	0.000	632.000	1000.000	637.000	25000.000	5.000	0.224
-0.00016728002676480428	19750.000	7800.000	0.000	1088.000	1000.000	1092.000	25000.000	4.000	0.224
-0.0002510775411139474	19850.000	7840.000	0.000	1104.000	1000.000	1110.000	25001.000	6.000	0.224
0.0017478513233249943	19950.000	7880.000	2.000	1092.000	1000.000	1096.000	25001.000	4.000	0.224
0.0007962199495469165	20050.000	7920.000	1.000	1085.000	1000.000	1089.000	25001.000	4.000	0.224
-0.0002092312842616228	20150.000	7960.000	0.000	1103.000	1000.000	1108.000	25000.000	5.000	0.224
-8.355614973262032e-05	20250.000	8000.000	0.000	1065.000	1000.000	1067.000	25001.000	2.000	0.224
0.0007819127515529852	20350.000	8040.000	1.000	1102.000	1000.000	1106.000	25001.000	4.000	0.224
0.0006465083937228272	20450.000	8080.000	1.000	1065.000	1000.000	1073.000	25000.000	8.000	0.224
0.0007492962649041758	20550.000	8120.000	1.000	1091.000	1000.000	1096.000	25001.000	5.000	0.224
0.0007139445909462071	20650.000	8160.000	1.000	1037.000	1000.000	1044.000	25001.000	7.000	0.224
0.0008509810959559703	20750.000	8200.000	1.000	1120.000	1000.000	1122.000	25000.000	2.000	0.224
-0.0001669727834362999	20850.000	8240.000	0.000	1044.000	1000.000	1048.000	25000.000	4.000	0.224
0.0	20950.000	8280.000	0.000	1107.000	1000.000	1107.000	25001.000	0.000	0.224
0.0007566133687560768	21050.000	8320.000	1.000	1036.000	1000.000	1042.000	25001.000	6.000	0.224
-4.182000669120107e-05	21150.000	8360.000	0.000	1089.000	1000.000	1090.000	25001.000	1.000	0.224
-0.00016718214494691966	21250.000	8400.000	0.000	1075.000	1000.000	1079.000	25001.000	4.000	0.224
-4.175365344467641e-05	21350.000	8440.000	0.000	1051.000	1000.000	1052.000	25001.000	1.000	0.224
0.0007648332869289473	21450.000	8480.000	1.000	1123.000	1000.000	1127.000	25001.000	4.000	0.224
-0.00020930135208673448	21550.000	8520.000	0.000	1112.000	1000.000	1117.000	25001.000	5.000	0.224
-8.369951872776731e-05	21650.000	8560.000	0.000	1106.000	1000.000	1108.000	25001.000	2.000	0.224
0.0008407154323773399	21750.000	8600.000	1.000	1133.000	1000.000	1135.000	25001.000	2.000	0.224
-0.0002096963596711961	21850.000	8640.000	0.000	1156.000	1000.000	1161.000	25000.000	5.000	0.224
-8.372404554588077e-05	21950.000	8680.000	0.000	1113.000	1000.000	1115.000	25001.000	2.000	0.224
-0.0003761755485893417	22050.000	8720.000	0.000	1076.000	1000.000	1085.000	25001.000	9.000	0.224
-0.00020903883941636355	22150.000	8760.000	0.000	1082.000	1000.000	1087.000	25001.000	5.000	0.224
-0.00020932763962153562	22250.000	8800.000	0.000	1115.000	1000.000	1120.000	25001.000	5.000	0.224
-8.368200836820084e-05	22350.000	8840.000	0.000	1101.000	1000.000	1103.000	25001.000	2.000	0.224
0.0008180881774614166	22450.000	8880.000	1.000	1060.000	1000.000	1064.000	25001.000	4.000	0.224
-8.378016085790885e-05	22550.000	8920.000	0.000	1129.000	1000.000	1131.000	25001.000	2.000	0.224
-0.00012537088887960217	22650.000	8960.000	0.000	1071.000	1000.000	1074.000	25000.000	3.000	0.224
-0.0002093188763762716	22750.000	9000.000	0.000	1114.000	1000.000	1119.000	25001.000	5.000	0.224
-0.00016723806338322602	22850.000	9040.000	0.000	1082.000	1000.000	1086.000	25000.000	4.000	0.224
0.0009007342295031288	22950.000	9080.000	1.000	1061.000	1000.000	1063.000	25000.000	2.000	0.225
-8.372755055050864e-05	23050.000	9120.000	0.000	1114.000	1000.000	1116.000	25001.000	2.000	0.225
-0.000167259042441982	23150.000	9160.000	0.000	1086.000	1000.000	1090.000	25001.000	4.000	0.225
0.0009328358208955224	23250.000	9200.000	1.000	1072.000	1000.000	1073.000	25000.000	1.000	0.225
0.0016182171122290884	23350.000	9240.000	2.000	1120.000	1000.000	1126.000	25001.000	6.000	0.225
-0.00016753224995811694	23450.000	9280.000	0.000	1125.000	1000.000	1129.000	25001.000	4.000	0.225
-8.355614973262032e-05	23550.000	9320.000	0.000	1064.000	1000.000	1066.000	25000.000	2.000	0.225
0.0007302109671216038	23650.000	9360.000	1.000	1114.000	1000.000	1119.000	25001.000	5.000	0.225
0.0009242144177449168	23750.000	9400.000	1.000	1082.000	1000.000	1083.000	25001.000	1.000	0.225
-0.00020912627044209294	23850.000	9440.000	0.000	1092.000	1000.000	1097.000	25001.000	5.000	0.225
-0.0001256281407035176	23950.000	9480.000	0.000	1120.000	1000.000	1123.000	25000.000	3.000	0.225
0.0008057173281331586	24050.000	9520.000	1.000	1074.000	1000.000	1078.000	25001.000	4.000	0.225
-8.351428094204109e-05	24150.000	9560.000	0.000	1053.000	1000.000	1055.000	25001.000	2.000	0.225
0.000663771566809884	24250.000	9600.000	1.000	1145.000	1000.000	1151.000	25001.000	6.000	0.225
0.0007769672884268477	24350.000	9640.000	1.000	1108.000	1000.000	1112.000	25001.000	4.000	0.225
-0.00012554402410445262	24450.000	9680.000	0.000	1104.000	1000.000	1107.000	25000.000	3.000	0.225
0.0007010948459729667	24550.000	9720.000	1.000	1151.000	1000.000	1156.000	25001.000	5.000	0.225
0.0006733573226700778	24650.000	9760.000	1.000	1082.000	1000.000	1089.000	25000.000	7.000	0.225
-0.0001675533028944833	24750.000	9800.000	0.000	1128.000	1000.000	1132.000	25001.000	4.000	0.225
0.002621429737093144	24850.000	9840.000	3.000	1109.000	1000.000	1114.000	25001.000	5.000	0.225
-0.0002092925910422771	24950.000	9880.000	0.000	1111.000	1000.000	1116.000	25001.000	5.000	0.225
0.0006725039390895192	25050.000	9920.000	1.000	1083.000	1000.000	1090.000	25001.000	7.000	0.225
-4.1879554401541165e-05	25150.000	9960.000	0.000	1122.000	1000.000	1123.000	25000.000	1.000	0.225
0.0016833182845840391	25250.000	10000.000	2.000	1057.000	1000.000	1064.000	25000.000	7.000	0.225
0.0008960573476702509	25350.000	10040.000	1.000	1116.000	1000.000	1117.000	25001.000	1.000	0.225
-0.00016731501233948216	25450.000	10080.000	0.000	1094.000	1000.000	1098.000	25001.000	4.000	0.225
-8.369951872776731e-05	25550.000	10120.000	0.000	1105.000	1000.000	1107.000	25000.000	2.000	0.225
-4.182000669120107e-05	25650.000	10160.000	0.000	1089.000	1000.000	1090.000	25001.000	1.000	0.225
-8.371353229249508e-05	25750.000	10200.000	0.000	1110.000	1000.000	1112.000	25001.000	2.000	0.225
0.0008298697942147792	25850.000	10240.000	1.000	1047.000	1000.000	1051.000	25001.000	4.000	0.225
-0.00020981075070286603	25950.000	10280.000	0.000	1170.000	1000.000	1175.000	25001.000	5.000	0.225
-8.369951872776731e-05	26050.000	10320.000	0.000	1105.000	1000.000	1107.000	25000.000	2.000	0.225
0.00062885694994641	26150.000	10360.000	1.000	1136.000	1000.000	1143.000	25000.000	7.000	0.225
-0.00012532375302865735	26250.000	10400.000	0.000	1063.000	1000.000	1066.000	25001.000	3.000	0.225
-0.0001256491874685877	26350.000	10440.000	0.000	1125.000	1000.000	1128.000	25001.000	3.000	0.225
-8.367850717543199e-05	26450.000	10480.000	0.000	1099.000	1000.000	1101.000	25000.000	2.000	0.225
-0.0002092487968194183	26550.000	10520.000	0.000	1106.000	1000.000	1111.000	25001.000	5.000	0.225
-8.337502084375521e-05	26650.000	10560.000	0.000	1013.000	1000.000	1015.000	25001.000	2.000	0.225
-0.000125517760763148	26750.000	10600.000	0.000	1099.000	1000.000	1102.000	25000.000	3.000	0.225
-0.00020906506104699784	26850.000	10640.000	0.000	1085.000	1000.000	1090.000	25001.000	5.000	0.225
-0.0001672100994900092	26950.000	10680.000	0.000	1079.000	1000.000	1083.000	25001.000	4.000	0.225
0.0007936576269852203	27050.000	10720.000	1.000	1088.000	1000.000	1092.000	25000.000	4.000	0.225
-0.00016717515777155514	27150.000	10760.000	0.000	1074.000	1000.000	1078.000	25001.000	4.000	0.225
0.0007964734434093666	27250.000	10800.000	1.000	1136.000	1000.000	1139.000	25000.000	3.000	0.225
-4.193575442422209e-05	27350.000	10840.000	0.000	1154.000	1000.000	1155.000	25000.000	1.000	0.225
0.0009389671361502347	27450.000	10880.000	1.000	1065.000	1000.000	1066.000	25001.000	1.000	0.225
0.0008139385176721126	27550.000	10920.000	1.000	1114.000	1000.000	1117.000	25001.000	3.000	0.225
-0.00025154068670607473	27650.000	10960.000	0.000	1148.000	1000.000	1154.000	25001.000	6.000	0.225
0.0007819074988847794	27750.000	11000.000	1.000	1102.000	1000.000	1106.000	25000.000	4.000	0.225
0.0008065850808791622	27850.000	11040.000	1.000	1073.000	1000.000	1077.000	25000.000	4.000	0.225
-4.191114836546522e-05	27950.000	11080.000	0.000	1140.000	1000.000	1141.000	25000.000	1.000	0.225
-8.350730688935282e-05	28050.000	11120.000	0.000	1051.000	1000.000	1053.000	25001.000	2.000	0.225
-4.180427239663894e-05	28150.000	11160.000	0.000	1080.000	1000.000	1081.000	25001.000	1.000	0.225
-0.00012562288011389809	28250.000	11200.000	0.000	1120.000	1000.000	1123.000	25001.000	3.000	0.225
0.0008123227862300164	28350.000	11240.000	1.000	1116.000	1000.000	1119.000	25001.000	3.000	0.225
-0.0002086288909288158	28450.000	11280.000	0.000	1035.000	1000.000	1040.000	25001.000	5.000	0.225
-8.368200836820084e-05	28550.000	11320.000	0.000	1101.000	1000.000	1103.000	25001.000	2.000	0.225
-0.00016753224995811694	28650.000	11360.000	0.000	1125.000	1000.000	1129.000	25001.000	4.000	0.225
0.0008346301341917661	28750.000	11400.000	1.000	1089.000	1000.000	1092.000	25000.000	3.000	0.225
-4.1851510839541305e-05	28850.000	11440.000	0.000	1106.000	1000.000	1107.000	25000.000	1.000	0.225
-8.368200836820084e-05	28950.000	11480.000	0.000	1101.000	1000.000	1103.000	25001.000	2.000	0.225
-8.364351135460666e-05	29050.000	11520.000	0.000	1090.000	1000.000	1092.000	25001.000	2.000	0.225
-0.0001674130498472356	29150.000	11560.000	0.000	1107.000	1000.000	1111.000	25000.000	4.000	0.225
-8.353521009105338e-05	29250.000	11600.000	0.000	1058.000	1000.000	1060.000	25000.000	2.000	0.225
0.0007189715198005521	29350.000	11640.000	1.000	1128.000	1000.000	1133.000	25001.000	5.000	0.225
-0.0002092925910422771	29450.000	11680.000	0.000	1111.000	1000.000	1116.000	25001.000	5.000	0.225
-0.00029217797812839134	29550.000	11720.000	0.000	1043.000	1000.000	1050.000	25001.000	7.000	0.225
0.0007852395538830399	29650.000	11760.000	1.000	1098.000	1000.000	1102.000	25001.000	4.000	0.225
-8.209169642490662e-05	29750.000	11800.000	0.000	638.000	1000.000	640.000	25001.000	2.000	0.225
-0.00016709135719954885	29850.000	11840.000	0.000	1061.000	1000.000	1065.000	25000.000	4.000	0.225
-0.00012572290671360322	29950.000	11880.000	0.000	1139.000	1000.000	1142.000	25001.000	3.000	0.225
-8.389261744966443e-05	30050.000	11920.000	0.000	1161.000	1000.000	1163.000	25001.000	2.000	0.225
-8.361204013377926e-05	30150.000	11960.000	0.000	1080.000	1000.000	1082.000	25000.000	2.000	0.225
-0.00012562288011389809	30250.000	12000.000	0.000	1120.000	1000.000	1123.000	25001.000	3.000	0.225
0.0	30350.000	12040.000	0.000	1114.000	1000.000	1114.000	25001.000	0.000	0.225
0.0007522402188351237	30450.000	12080.000	1.000	1139.000	1000.000	1146.000	25001.000	4.000	0.225
0.0	30550.000	12120.000	0.000	1042.000	1000.000	1047.000	25000.000	0.000	0.225
0.0	30650.000	12160.000	0.000	1152.000	1000.000	1155.000	25001.000	0.000	0.225
0.2039757300587302	30750.000	12200.000	193.000	985.000	1000.000	990.000	25000.000	0.000	0.225
