P	T(ns)		T(точки)	n		N		Exposition(ms)	Ch1		Ch2		SS	Temp
0.665415469246119	850.000	240.000	8353.000	10530.000	1000.000	20733.000	25001.000	10203.000	0.224
0.7343487716738828	950.000	280.000	8623.000	10373.000	1000.000	20414.000	25000.000	10041.000	0.225
0.717645482034145	1050.000	320.000	8539.000	10474.000	1000.000	20431.000	25001.000	9957.000	0.225
0.7196449277133231	1150.000	360.000	8414.000	10314.000	1000.000	20140.000	25001.000	9826.000	0.225
0.7218020395916874	1250.000	400.000	8557.000	10485.000	1000.000	20411.000	25000.000	9926.000	0.225
0.7214364658330176	1350.000	440.000	8517.000	10440.000	1000.000	20331.000	25000.000	9891.000	0.225
0.7181135801630263	1450.000	480.000	8612.000	10583.000	1000.000	20574.000	25001.000	9991.000	0.225
0.713066360227874	1550.000	520.000	8378.000	10412.000	1000.000	20126.000	25000.000	9714.000	0.225
0.706011171687029	1650.000	560.000	8434.000	10462.000	1000.000	20352.000	25001.000	9890.000	0.225
0.7104443063423944	1750.000	600.000	8324.000	10343.000	1000.000	20050.000	25001.000	9707.000	0.225
0.7056005548631218	1850.000	640.000	8346.000	10422.000	1000.000	20156.000	25001.000	9734.000	0.225
0.7166027940168256	1950.000	680.000	8347.000	10344.000	1000.000	20015.000	25000.000	9671.000	0.225
0.7213026088561337	2050.000	720.000	8465.000	10420.000	1000.000	20213.000	25001.000	9793.000	0.225
0.7064382057927762	2150.000	760.000	8339.000	10471.000	1000.000	20117.000	25001.000	9646.000	0.225
0.7092726986560457	2250.000	800.000	8343.000	10400.000	1000.000	20100.000	25001.000	9700.000	0.225
0.7061722866174921	2350.000	840.000	8298.000	10400.000	1000.000	20037.000	25000.000	9637.000	0.225
0.7103648676152579	2450.000	880.000	8333.000	10469.000	1000.000	20046.000	25001.000	9577.000	0.225
0.6996674702361932	2550.000	920.000	8268.000	10444.000	1000.000	20051.000	25001.000	9607.000	0.224
0.7000256334417825	2650.000	960.000	8182.000	10350.000	1000.000	19858.000	25001.000	9508.000	0.225
0.7037154812954074	2750.000	1000.000	8267.000	10407.000	1000.000	19997.000	25001.000	9590.000	0.225
0.702576183610579	2850.000	1040.000	8300.000	10430.000	1000.000	20088.000	25000.000	9658.000	0.225
0.7045496421493411	2950.000	1080.000	8209.000	10345.000	1000.000	19858.000	25001.000	9513.000	0.225
0.7008226149760459	3050.000	1120.000	8243.000	10376.000	1000.000	19988.000	25001.000	9612.000	0.225
0.7065177509901029	3150.000	1160.000	8352.000	10540.000	1000.000	20134.000	25000.000	9594.000	0.225
0.6938580501014168	3250.000	1200.000	8197.000	10405.000	1000.000	19973.000	25000.000	9568.000	0.225
0.696742129403394	3350.000	1240.000	8230.000	10458.000	1000.000	20000.000	25001.000	9542.000	0.225
0.696877174379446	3450.000	1280.000	8220.000	10442.000	1000.000	19977.000	25000.000	9535.000	0.225
0.6928616911754316	3550.000	1320.000	8206.000	10475.000	1000.000	19997.000	25001.000	9521.000	0.225
0.6845824854282	3650.000	1360.000	8049.000	10315.000	1000.000	19770.000	25001.000	9455.000	0.225
0.6964777746986017	3750.000	1400.000	8190.000	10390.000	1000.000	19921.000	25001.000	9531.000	0.225
0.6956672678594877	3850.000	1440.000	8176.000	10444.000	1000.000	19889.000	25001.000	9445.000	0.225
0.6929087627447299	3950.000	1480.000	8186.000	10450.000	1000.000	19952.000	25001.000	9502.000	0.225
0.6942234105067545	4050.000	1520.000	8137.000	10430.000	1000.000	19819.000	25000.000	9389.000	0.225
0.6871063464325562	4150.000	1560.000	8021.000	10336.000	1000.000	19661.000	25001.000	9325.000	0.225
0.6866756633604405	4250.000	1600.000	8144.000	10408.000	1000.000	19950.000	25001.000	9542.000	0.225
0.6922434450175604	4350.000	1640.000	8148.000	10389.000	1000.000	19882.000	25001.000	9493.000	0.225
0.6912000568961555	4450.000	1680.000	8149.000	10435.000	1000.000	19891.000	25001.000	9456.000	0.225
0.6848004905804945	4550.000	1720.000	8054.000	10386.000	1000.000	19765.000	25000.000	9379.000	0.225
0.6924963047714201	4650.000	1760.000	8099.000	10364.000	1000.000	19765.000	25000.000	9401.000	0.225
0.688550211725714	4750.000	1800.000	8149.000	10422.000	1000.000	19932.000	25001.000	9510.000	0.225
0.691794824462705	4850.000	1840.000	8128.000	10386.000	1000.000	19841.000	25001.000	9455.000	0.224
0.6872991054569573	4950.000	1880.000	8194.000	10516.000	1000.000	20041.000	25000.000	9525.000	0.225
0.6883614493075477	5050.000	1920.000	8063.000	10342.000	1000.000	19743.000	25001.000	9401.000	0.225
0.6767072655358162	5150.000	1960.000	8072.000	10474.000	1000.000	19911.000	25001.000	9437.000	0.225
0.681941524285183	5250.000	2000.000	8034.000	10384.000	1000.000	19759.000	25000.000	9375.000	0.225
0.6873350623101531	5350.000	2040.000	8065.000	10346.000	1000.000	19762.000	25000.000	9416.000	0.225
0.692881557869232	5450.000	2080.000	8077.000	10345.000	1000.000	19710.000	25001.000	9365.000	0.225
0.681653692754231	5550.000	2120.000	7989.000	10288.000	1000.000	19673.000	25001.000	9385.000	0.225
0.6826503881112147	5650.000	2160.000	8102.000	10429.000	1000.000	19904.000	25001.000	9475.000	0.225
0.679856903943113	5750.000	2200.000	8071.000	10437.000	1000.000	19869.000	25001.000	9432.000	0.225
0.6852668675247345	5850.000	2240.000	8049.000	10355.000	1000.000	19752.000	25001.000	9397.000	0.225
0.6771619171726543	5950.000	2280.000	7955.000	10321.000	1000.000	19650.000	25001.000	9329.000	0.225
0.6715824781726155	6050.000	2320.000	7994.000	10462.000	1000.000	19801.000	25000.000	9339.000	0.225
0.6762225866201658	6150.000	2360.000	8036.000	10420.000	1000.000	19841.000	25001.000	9421.000	0.225
0.6739314717271189	6250.000	2400.000	7997.000	10425.000	1000.000	19780.000	25001.000	9355.000	0.225
0.6792962758648277	6350.000	2440.000	8004.000	10387.000	1000.000	19725.000	25001.000	9338.000	0.225
0.6696542845600447	6450.000	2480.000	8009.000	10481.000	1000.000	19862.000	25001.000	9381.000	0.225
0.675623475386707	6550.000	2520.000	7986.000	10389.000	1000.000	19735.000	25001.000	9346.000	0.225
0.6744220247803647	6650.000	2560.000	7930.000	10341.000	1000.000	19626.000	25001.000	9285.000	0.225
0.6796746102896024	6750.000	2600.000	8096.000	10500.000	1000.000	19921.000	25001.000	9421.000	0.225
0.6849939016168923	6850.000	2640.000	7967.000	10290.000	1000.000	19570.000	25001.000	9280.000	0.225
0.6702591041190921	6950.000	2680.000	7990.000	10473.000	1000.000	19809.000	25000.000	9336.000	0.225
0.6750654700476804	7050.000	2720.000	7895.000	10275.000	1000.000	19544.000	25001.000	9269.000	0.225
0.6775157128629198	7150.000	2760.000	8021.000	10439.000	1000.000	19783.000	25001.000	9344.000	0.225
0.6789234910002326	7250.000	2800.000	8023.000	10428.000	1000.000	19769.000	25000.000	9341.000	0.225
0.6784391850357901	7350.000	2840.000	8089.000	10501.000	1000.000	19922.000	25000.000	9421.000	0.225
0.6821116774111385	7450.000	2880.000	7971.000	10311.000	1000.000	19618.000	25001.000	9307.000	0.225
0.6786898720938959	7550.000	2920.000	7979.000	10319.000	1000.000	19686.000	25000.000	9367.000	0.225
0.6661359403696552	7650.000	2960.000	7949.000	10467.000	1000.000	19772.000	25001.000	9305.000	0.225
0.6774537186474816	7750.000	3000.000	8022.000	10411.000	1000.000	19791.000	25001.000	9380.000	0.225
0.6693754860695275	7850.000	3040.000	7969.000	10439.000	1000.000	19777.000	25001.000	9338.000	0.225
0.6678919193431753	7950.000	3080.000	7891.000	10355.000	1000.000	19625.000	25001.000	9270.000	0.225
0.6753545716659012	8050.000	3120.000	7906.000	10337.000	1000.000	19555.000	25001.000	9218.000	0.225
0.6702625708858326	8150.000	3160.000	7922.000	10373.000	1000.000	19662.000	25001.000	9289.000	0.225
0.6749169401363694	8250.000	3200.000	7848.000	10258.000	1000.000	19435.000	25001.000	9177.000	0.225
0.6714585246090073	8350.000	3240.000	7985.000	10458.000	1000.000	19782.000	25001.000	9324.000	0.225
0.665786164542001	8450.000	3280.000	7860.000	10361.000	1000.000	19580.000	25001.000	9219.000	0.225
0.6719757205077086	8550.000	3320.000	7950.000	10405.000	1000.000	19699.000	25001.000	9294.000	0.225
0.672454165015151	8650.000	3360.000	7988.000	10456.000	1000.000	19775.000	25001.000	9319.000	0.225
0.6646361057538498	8750.000	3400.000	7934.000	10460.000	1000.000	19759.000	25001.000	9299.000	0.225
0.6671847160248696	8850.000	3440.000	7877.000	10389.000	1000.000	19596.000	25001.000	9207.000	0.225
0.6687439857237002	8950.000	3480.000	7916.000	10360.000	1000.000	19672.000	25001.000	9312.000	0.225
0.6683993626081444	9050.000	3520.000	7861.000	10315.000	1000.000	19552.000	25001.000	9237.000	0.225
0.6598712795902877	9150.000	3560.000	7893.000	10422.000	1000.000	19736.000	25001.000	9314.000	0.225
0.6699531087750622	9250.000	3600.000	7979.000	10495.000	1000.000	19784.000	25000.000	9289.000	0.225
0.6748082547198997	9350.000	3640.000	7932.000	10325.000	1000.000	19628.000	25000.000	9303.000	0.225
0.6594496276438238	9450.000	3680.000	7839.000	10380.000	1000.000	19619.000	25001.000	9239.000	0.225
0.6717998347910877	9550.000	3720.000	7819.000	10259.000	1000.000	19410.000	25000.000	9151.000	0.225
0.652234769333981	9650.000	3760.000	7890.000	10503.000	1000.000	19828.000	25001.000	9325.000	0.225
0.6691661206767854	9750.000	3800.000	7938.000	10394.000	1000.000	19713.000	25001.000	9319.000	0.225
0.6683848138323245	9850.000	3840.000	7872.000	10379.000	1000.000	19568.000	25001.000	9189.000	0.225
0.6649619494149882	9950.000	3880.000	7842.000	10346.000	1000.000	19551.000	25000.000	9205.000	0.225
0.6647985826917253	10050.000	3920.000	7942.000	10507.000	1000.000	19769.000	25000.000	9262.000	0.225
0.6583755773053304	10150.000	3960.000	7838.000	10428.000	1000.000	19625.000	25001.000	9197.000	0.225
0.6612256739167934	10250.000	4000.000	7854.000	10381.000	1000.000	19629.000	25001.000	9248.000	0.225
0.6648947345088867	10350.000	4040.000	7840.000	10307.000	1000.000	19554.000	25001.000	9247.000	0.225
0.6549988417992668	10450.000	4080.000	7804.000	10385.000	1000.000	19599.000	25001.000	9214.000	0.225
0.6748759296329451	10550.000	4120.000	7977.000	10433.000	1000.000	19717.000	25001.000	9284.000	0.225
0.6607315011341401	10650.000	4160.000	7859.000	10435.000	1000.000	19640.000	25001.000	9205.000	0.225
0.6604219782341348	10750.000	4200.000	7793.000	10317.000	1000.000	19504.000	25001.000	9187.000	0.225
0.6678622735961526	10850.000	4240.000	7876.000	10344.000	1000.000	19591.000	25000.000	9247.000	0.225
0.6536694602055707	10950.000	4280.000	7769.000	10400.000	1000.000	19532.000	25001.000	9132.000	0.225
0.6611505577613075	11050.000	4320.000	7857.000	10395.000	1000.000	19635.000	25000.000	9240.000	0.225
0.6615111140384924	11150.000	4360.000	7845.000	10408.000	1000.000	19599.000	25001.000	9191.000	0.225
0.6514124340532677	11250.000	4400.000	7789.000	10387.000	1000.000	19615.000	25001.000	9228.000	0.225
0.6634531702656069	11350.000	4440.000	7796.000	10321.000	1000.000	19466.000	25000.000	9145.000	0.225
0.6646668316667899	11450.000	4480.000	7833.000	10344.000	1000.000	19534.000	25001.000	9190.000	0.225
0.6607764706659033	11550.000	4520.000	7675.000	10178.000	1000.000	19236.000	25001.000	9058.000	0.225
0.6616285513151723	11650.000	4560.000	7770.000	10326.000	1000.000	19429.000	25000.000	9103.000	0.225
0.6515737423269075	11750.000	4600.000	7777.000	10442.000	1000.000	19576.000	25001.000	9134.000	0.225
0.6612895926687383	11850.000	4640.000	7710.000	10190.000	1000.000	19312.000	25001.000	9122.000	0.225
0.6548064190423698	11950.000	4680.000	7741.000	10338.000	1000.000	19457.000	25000.000	9119.000	0.225
0.6582058127081848	12050.000	4720.000	7812.000	10381.000	1000.000	19572.000	25001.000	9191.000	0.225
0.6607654510817301	12150.000	4760.000	7830.000	10387.000	1000.000	19577.000	25001.000	9190.000	0.225
0.6557027462494484	12250.000	4800.000	7802.000	10432.000	1000.000	19577.000	25000.000	9145.000	0.225
0.6552986508434735	12350.000	4840.000	7740.000	10263.000	1000.000	19460.000	25000.000	9197.000	0.225
0.6527884038158666	12450.000	4880.000	7723.000	10339.000	1000.000	19443.000	25001.000	9104.000	0.225
0.656626064590488	12550.000	4920.000	7826.000	10455.000	1000.000	19618.000	25001.000	9163.000	0.225
0.6711837755084555	12650.000	4960.000	7798.000	10253.000	1000.000	19369.000	25000.000	9116.000	0.225
0.647255994339428	12750.000	5000.000	7708.000	10338.000	1000.000	19488.000	25001.000	9150.000	0.225
0.6621805757415116	12850.000	5040.000	7747.000	10296.000	1000.000	19370.000	25000.000	9074.000	0.225
0.6488848164735199	12950.000	5080.000	7722.000	10377.000	1000.000	19492.000	25000.000	9115.000	0.225
0.655912227537064	13050.000	5120.000	7788.000	10392.000	1000.000	19546.000	25000.000	9154.000	0.225
0.6527058430156565	13150.000	5160.000	7705.000	10269.000	1000.000	19412.000	25001.000	9143.000	0.225
0.646454921852415	13250.000	5200.000	7663.000	10324.000	1000.000	19393.000	25001.000	9069.000	0.225
0.6538664035288467	13350.000	5240.000	7777.000	10382.000	1000.000	19551.000	25001.000	9169.000	0.225
0.6504787434761067	13450.000	5280.000	7633.000	10218.000	1000.000	19278.000	25000.000	9060.000	0.225
0.6536008018772065	13550.000	5320.000	7774.000	10366.000	1000.000	19550.000	25000.000	9184.000	0.225
0.6503425594799588	13650.000	5360.000	7702.000	10353.000	1000.000	19426.000	25001.000	9073.000	0.225
0.6534987216426781	13750.000	5400.000	7741.000	10366.000	1000.000	19472.000	25001.000	9106.000	0.224
0.656201830193099	13850.000	5440.000	7678.000	10267.000	1000.000	19295.000	25000.000	9028.000	0.225
0.657748141485504	13950.000	5480.000	7746.000	10301.000	1000.000	19432.000	25001.000	9131.000	0.225
0.6447720116771775	14050.000	5520.000	7660.000	10376.000	1000.000	19403.000	25001.000	9027.000	0.225
0.6530102057468338	14150.000	5560.000	7720.000	10316.000	1000.000	19436.000	25000.000	9120.000	0.225
0.6531899635949089	14250.000	5600.000	7783.000	10397.000	1000.000	19573.000	25000.000	9176.000	0.225
0.6516122091589331	14350.000	5640.000	7631.000	10244.000	1000.000	19252.000	25001.000	9008.000	0.225
0.638855332538018	14450.000	5680.000	7727.000	10494.000	1000.000	19635.000	25001.000	9141.000	0.225
0.6504308298571984	14550.000	5720.000	7740.000	10376.000	1000.000	19513.000	25001.000	9137.000	0.225
0.6477656736889877	14650.000	5760.000	7689.000	10376.000	1000.000	19429.000	25000.000	9053.000	0.225
0.6483250338518134	14750.000	5800.000	7735.000	10388.000	1000.000	19530.000	25001.000	9142.000	0.225
0.6477371771721623	14850.000	5840.000	7632.000	10291.000	1000.000	19304.000	25001.000	9013.000	0.225
0.6357783134715131	14950.000	5880.000	7616.000	10357.000	1000.000	19431.000	25000.000	9074.000	0.225
0.6417693454607168	15050.000	5920.000	7673.000	10377.000	1000.000	19478.000	25000.000	9101.000	0.225
0.6558247426334401	15150.000	5960.000	7735.000	10355.000	1000.000	19425.000	25000.000	9070.000	0.225
0.6471089535713788	15250.000	6000.000	7674.000	10387.000	1000.000	19401.000	25000.000	9014.000	0.225
0.6517552646116185	15350.000	6040.000	7668.000	10262.000	1000.000	19337.000	25000.000	9075.000	0.225
0.6379893949075004	15450.000	6080.000	7642.000	10374.000	1000.000	19459.000	25000.000	9085.000	0.225
0.6450772672478112	15550.000	6120.000	7635.000	10320.000	1000.000	19346.000	25001.000	9026.000	0.225
0.6466576914500662	15650.000	6160.000	7640.000	10306.000	1000.000	19337.000	25001.000	9031.000	0.225
0.6533139688958723	15750.000	6200.000	7675.000	10306.000	1000.000	19324.000	25000.000	9018.000	0.225
0.6449782091345102	15850.000	6240.000	7665.000	10295.000	1000.000	19424.000	25000.000	9129.000	0.225
0.6437882910330026	15950.000	6280.000	7584.000	10267.000	1000.000	19249.000	25000.000	8982.000	0.225
0.636372497365648	16050.000	6320.000	7602.000	10400.000	1000.000	19383.000	25000.000	8983.000	0.225
0.6346950645834485	16150.000	6360.000	7595.000	10359.000	1000.000	19396.000	25001.000	9037.000	0.225
0.6363914449261837	16250.000	6400.000	7618.000	10418.000	1000.000	19419.000	25000.000	9001.000	0.225
0.6477358955292697	16350.000	6440.000	7697.000	10347.000	1000.000	19453.000	25001.000	9106.000	0.225
0.6378426678264766	16450.000	6480.000	7603.000	10376.000	1000.000	19367.000	25001.000	8991.000	0.225
0.6385200561733895	16550.000	6520.000	7585.000	10293.000	1000.000	19325.000	25000.000	9032.000	0.225
0.6421557517280599	16650.000	6560.000	7640.000	10307.000	1000.000	19403.000	25001.000	9096.000	0.225
0.6399569468093328	16750.000	6600.000	7562.000	10254.000	1000.000	19254.000	25001.000	9000.000	0.225
0.6418935640048242	16850.000	6640.000	7602.000	10285.000	1000.000	19318.000	25001.000	9033.000	0.225
0.6471201791220027	16950.000	6680.000	7576.000	10190.000	1000.000	19193.000	25000.000	9003.000	0.225
0.6448356836628326	17050.000	6720.000	7593.000	10245.000	1000.000	19259.000	25000.000	9014.000	0.225
0.6342137897132755	17150.000	6760.000	7543.000	10275.000	1000.000	19289.000	25000.000	9014.000	0.225
0.6282655465952691	17250.000	6800.000	7522.000	10366.000	1000.000	19313.000	25000.000	8947.000	0.225
0.6483421200252478	17350.000	6840.000	7650.000	10316.000	1000.000	19335.000	25001.000	9019.000	0.225
0.6379525340679256	17450.000	6880.000	7580.000	10295.000	1000.000	19321.000	25001.000	9026.000	0.225
0.6362178175439746	17550.000	6920.000	7588.000	10373.000	1000.000	19355.000	25001.000	8982.000	0.225
0.6448933844999489	17650.000	6960.000	7545.000	10214.000	1000.000	19146.000	25001.000	8932.000	0.225
0.6367889292029468	17750.000	7000.000	7569.000	10333.000	1000.000	19306.000	25001.000	8973.000	0.225
0.6422018667079822	17850.000	7040.000	7545.000	10263.000	1000.000	19178.000	25000.000	8915.000	0.225
0.6315041790816759	17950.000	7080.000	7558.000	10347.000	1000.000	19355.000	25001.000	9008.000	0.225
0.6475167407139312	18050.000	7120.000	7596.000	10263.000	1000.000	19224.000	25001.000	8961.000	0.225
0.6360719787514845	18150.000	7160.000	7507.000	10276.000	1000.000	19174.000	25001.000	8898.000	0.225
0.6312962209376204	18250.000	7200.000	7550.000	10401.000	1000.000	19332.000	25000.000	8931.000	0.225
0.6425083414853074	18350.000	7240.000	7576.000	10297.000	1000.000	19244.000	25001.000	8947.000	0.225
0.6441530493142691	18450.000	7280.000	7578.000	10281.000	1000.000	19227.000	25001.000	8946.000	0.225
0.6325999220881434	18550.000	7320.000	7516.000	10290.000	1000.000	19245.000	25001.000	8955.000	0.225
0.6277664553796047	18650.000	7360.000	7528.000	10357.000	1000.000	19336.000	25001.000	8979.000	0.224
0.6338934463807239	18750.000	7400.000	7582.000	10361.000	1000.000	19376.000	25000.000	9015.000	0.224
0.6315313596692426	18850.000	7440.000	7447.000	10193.000	1000.000	19107.000	25001.000	8914.000	0.224
0.6468102396672633	18950.000	7480.000	7537.000	10196.000	1000.000	19101.000	25001.000	8905.000	0.224
0.643480920878114	19050.000	7520.000	7570.000	10284.000	1000.000	19217.000	25001.000	8933.000	0.224
0.6339115319681444	19150.000	7560.000	7480.000	10248.000	1000.000	19144.000	25000.000	8896.000	0.224
0.6383891124859714	19250.000	7600.000	7544.000	10318.000	1000.000	19224.000	25001.000	8906.000	0.224
0.6225199527408148	19350.000	7640.000	7458.000	10300.000	1000.000	19251.000	25001.000	8951.000	0.224
0.6336012775986026	19450.000	7680.000	7545.000	10316.000	1000.000	19297.000	25001.000	8981.000	0.224
0.6352504908466781	19550.000	7720.000	7509.000	10290.000	1000.000	19189.000	25001.000	8899.000	0.224
0.62599398383598	19650.000	7760.000	7466.000	10318.000	1000.000	19217.000	25001.000	8899.000	0.225
0.639362721914656	19750.000	7800.000	7518.000	10200.000	1000.000	19164.000	25001.000	8964.000	0.224
0.6295052190738946	19850.000	7840.000	7459.000	10261.000	1000.000	19156.000	25001.000	8895.000	0.224
0.6300397859835588	19950.000	7880.000	7431.000	10218.000	1000.000	19086.000	25001.000	8868.000	0.224
0.6275263418233102	20050.000	7920.000	7479.000	10318.000	1000.000	19226.000	25001.000	8908.000	0.224
0.6230200044412159	20150.000	7960.000	7436.000	10309.000	1000.000	19189.000	25000.000	8880.000	0.224
0.6240032350978114	20250.000	8000.000	7412.000	10223.000	1000.000	19128.000	25001.000	8905.000	0.224
0.6197227426454084	20350.000	8040.000	7412.000	10337.000	1000.000	19176.000	25001.000	8839.000	0.224
0.6288512441708228	20450.000	8080.000	7424.000	10263.000	1000.000	19080.000	25000.000	8817.000	0.224
0.7412721450636746	20550.000	8120.000	7394.000	9233.000	1000.000	17566.000	25001.000	8333.000	0.225
0.6263969233288623	20650.000	8160.000	7488.000	10352.000	1000.000	19260.000	25000.000	8908.000	0.225
0.6251377285706963	20750.000	8200.000	7418.000	10250.000	1000.000	19122.000	25001.000	8872.000	0.225
0.6227346574706984	20850.000	8240.000	7459.000	10366.000	1000.000	19242.000	25000.000	8876.000	0.224
0.6261378634837552	20950.000	8280.000	7416.000	10260.000	1000.000	19101.000	25001.000	8841.000	0.224
0.6216684888527348	21050.000	8320.000	7417.000	10308.000	1000.000	19163.000	25001.000	8855.000	0.224
0.6213557964443011	21150.000	8360.000	7378.000	10274.000	1000.000	19077.000	25000.000	8803.000	0.224
0.6055767294226553	21250.000	8400.000	7351.000	10372.000	1000.000	19232.000	25000.000	8860.000	0.225
0.6305475151408522	21350.000	8440.000	7429.000	10243.000	1000.000	19070.000	25001.000	8827.000	0.224
0.6207983207694854	21450.000	8480.000	7409.000	10328.000	1000.000	19154.000	25001.000	8826.000	0.225
0.6204412768311085	21550.000	8520.000	7409.000	10297.000	1000.000	19163.000	25001.000	8866.000	0.225
0.612813336439446	21650.000	8560.000	7377.000	10317.000	1000.000	19195.000	25001.000	8878.000	0.225
0.6280349499045476	21750.000	8600.000	7402.000	10237.000	1000.000	19042.000	25001.000	8805.000	0.225
0.6190225279727558	21850.000	8640.000	7413.000	10343.000	1000.000	19188.000	25001.000	8845.000	0.224
0.6218313953519112	21950.000	8680.000	7404.000	10276.000	1000.000	19133.000	25000.000	8857.000	0.224
0.6211295632977601	22050.000	8720.000	7426.000	10306.000	1000.000	19193.000	25001.000	8887.000	0.224
0.6202381703708414	22150.000	8760.000	7362.000	10263.000	1000.000	19056.000	25001.000	8793.000	0.224
0.6225530899827838	22250.000	8800.000	7355.000	10216.000	1000.000	19011.000	25001.000	8795.000	0.224
0.6330423108456161	22350.000	8840.000	7431.000	10202.000	1000.000	19044.000	25001.000	8842.000	0.225
0.6163967546077174	22450.000	8880.000	7360.000	10292.000	1000.000	19104.000	25000.000	8812.000	0.225
0.62520601401889	22550.000	8920.000	7429.000	10277.000	1000.000	19144.000	25000.000	8867.000	0.224
0.6191315610092922	22650.000	8960.000	7481.000	10428.000	1000.000	19341.000	25001.000	8913.000	0.224
0.6201081143002481	22750.000	9000.000	7349.000	10257.000	1000.000	19027.000	25001.000	8770.000	0.224
0.6247922188804342	22850.000	9040.000	7353.000	10216.000	1000.000	18973.000	25001.000	8757.000	0.224
0.6232220219356793	22950.000	9080.000	7415.000	10256.000	1000.000	19142.000	25000.000	8886.000	0.224
0.619420098313241	23050.000	9120.000	7381.000	10323.000	1000.000	19107.000	25001.000	8784.000	0.225
0.6173523997003758	23150.000	9160.000	7341.000	10266.000	1000.000	19047.000	25001.000	8781.000	0.225
0.614107859540588	23250.000	9200.000	7299.000	10229.000	1000.000	18997.000	25000.000	8768.000	0.225
0.613211544899141	23350.000	9240.000	7349.000	10310.000	1000.000	19122.000	25000.000	8812.000	0.224
0.622398541453588	23450.000	9280.000	7381.000	10258.000	1000.000	19071.000	25000.000	8813.000	0.225
0.6230009023267085	23550.000	9320.000	7413.000	10314.000	1000.000	19133.000	25001.000	8819.000	0.225
0.6165448410397528	23650.000	9360.000	7320.000	10255.000	1000.000	19009.000	25000.000	8754.000	0.225
0.6082815664548937	23750.000	9400.000	7290.000	10304.000	1000.000	19052.000	25000.000	8748.000	0.225
0.6219068216299021	23850.000	9440.000	7379.000	10254.000	1000.000	19074.000	25001.000	8820.000	0.225
0.6094887593330003	23950.000	9480.000	7311.000	10334.000	1000.000	19082.000	25000.000	8748.000	0.224
0.6196125979207574	24050.000	9520.000	7288.000	10182.000	1000.000	18895.000	25001.000	8713.000	0.224
0.6261548813519687	24150.000	9560.000	7420.000	10311.000	1000.000	19105.000	25001.000	8793.000	0.224
0.6086552713654719	24250.000	9600.000	7281.000	10241.000	1000.000	19032.000	25000.000	8791.000	0.224
0.6090543498527868	24350.000	9640.000	7261.000	10236.000	1000.000	18978.000	25001.000	8742.000	0.224
0.6139498607708098	24450.000	9680.000	7375.000	10357.000	1000.000	19169.000	25001.000	8812.000	0.224
0.6172778038335431	24550.000	9720.000	7317.000	10216.000	1000.000	18996.000	25001.000	8780.000	0.224
0.6164322690682964	24650.000	9760.000	7344.000	10316.000	1000.000	19062.000	25001.000	8746.000	0.224
0.6053893990302148	24750.000	9800.000	7240.000	10259.000	1000.000	18978.000	25000.000	8719.000	0.224
0.618819854094534	24850.000	9840.000	7338.000	10206.000	1000.000	19026.000	25001.000	8820.000	0.224
0.6066295331418557	24950.000	9880.000	7293.000	10310.000	1000.000	19083.000	25001.000	8773.000	0.224
0.6102091399794619	25050.000	9920.000	7314.000	10331.000	1000.000	19079.000	25000.000	8748.000	0.225
0.6159882389382508	25150.000	9960.000	7343.000	10282.000	1000.000	19070.000	25001.000	8788.000	0.224
0.6138626594617819	25250.000	10000.000	7234.000	10186.000	1000.000	18847.000	25000.000	8661.000	0.224
0.6142357901074216	25350.000	10040.000	7283.000	10272.000	1000.000	18951.000	25001.000	8679.000	0.224
0.6005038707047143	25450.000	10080.000	7254.000	10314.000	1000.000	19078.000	25001.000	8764.000	0.224
0.6096585183148095	25550.000	10120.000	7352.000	10369.000	1000.000	19175.000	25000.000	8806.000	0.224
0.6051627720616005	25650.000	10160.000	7250.000	10266.000	1000.000	19005.000	25001.000	8739.000	0.224
0.6047802611007643	25750.000	10200.000	7296.000	10374.000	1000.000	19111.000	25001.000	8737.000	0.225
0.6071223174019007	25850.000	10240.000	7272.000	10361.000	1000.000	19020.000	25001.000	8659.000	0.225
0.6041431256621856	25950.000	10280.000	7255.000	10304.000	1000.000	19028.000	25001.000	8724.000	0.225
0.6009086796512979	26050.000	10320.000	7207.000	10275.000	1000.000	18962.000	25001.000	8687.000	0.225
0.6109189196429652	26150.000	10360.000	7249.000	10229.000	1000.000	18922.000	25001.000	8693.000	0.224
0.6050202575772363	26250.000	10400.000	7200.000	10191.000	1000.000	18894.000	25001.000	8703.000	0.225
0.6174466435477938	26350.000	10440.000	7356.000	10300.000	1000.000	19078.000	25001.000	8778.000	0.225
0.6081708850825213	26450.000	10480.000	7238.000	10261.000	1000.000	18932.000	25001.000	8671.000	0.225
0.6050651565425325	26550.000	10520.000	7203.000	10220.000	1000.000	18897.000	25000.000	8677.000	0.224
0.6099253027686568	26650.000	10560.000	7192.000	10188.000	1000.000	18802.000	25000.000	8614.000	0.225
0.6133914891590783	26750.000	10600.000	7235.000	10206.000	1000.000	18854.000	25001.000	8648.000	0.225
0.6169560363034118	26850.000	10640.000	7296.000	10295.000	1000.000	18940.000	25000.000	8645.000	0.224
0.6117042254579882	26950.000	10680.000	7274.000	10233.000	1000.000	18971.000	25001.000	8738.000	0.224
0.5971645781078248	27050.000	10720.000	7183.000	10253.000	1000.000	18961.000	25000.000	8708.000	0.224
0.5996378098625877	27150.000	10760.000	7141.000	10226.000	1000.000	18825.000	25001.000	8599.000	0.224
0.6087166731526983	27250.000	10800.000	7208.000	10231.000	1000.000	18854.000	25000.000	8623.000	0.224
0.6128606023685725	27350.000	10840.000	7258.000	10240.000	1000.000	18914.000	25001.000	8674.000	0.224
0.6021736233291637	27450.000	10880.000	7160.000	10216.000	1000.000	18835.000	25000.000	8619.000	0.224
0.5940633143925205	27550.000	10920.000	7137.000	10279.000	1000.000	18892.000	25000.000	8613.000	0.224
0.5959880700228256	27650.000	10960.000	7122.000	10212.000	1000.000	18834.000	25001.000	8622.000	0.224
0.6022492528251286	27750.000	11000.000	7219.000	10308.000	1000.000	18968.000	25000.000	8660.000	0.224
0.6053060372511303	27850.000	11040.000	7215.000	10281.000	1000.000	18916.000	25000.000	8635.000	0.224
0.5947002530415738	27950.000	11080.000	7057.000	10130.000	1000.000	18703.000	25001.000	8573.000	0.224
0.6016475579730323	28050.000	11120.000	7145.000	10182.000	1000.000	18810.000	25000.000	8628.000	0.224
0.5958262511127368	28150.000	11160.000	7121.000	10229.000	1000.000	18832.000	25000.000	8603.000	0.224
0.5971510044880078	28250.000	11200.000	7223.000	10358.000	1000.000	19048.000	25001.000	8690.000	0.224
0.5990565184108158	28350.000	11240.000	7186.000	10297.000	1000.000	18936.000	25001.000	8639.000	0.224
0.5998515431166532	28450.000	11280.000	7169.000	10266.000	1000.000	18886.000	25001.000	8620.000	0.224
0.5996978738331892	28550.000	11320.000	7142.000	10212.000	1000.000	18828.000	25000.000	8616.000	0.224
0.5982765078659998	28650.000	11360.000	7114.000	10227.000	1000.000	18779.000	25001.000	8552.000	0.224
0.5864498483430428	28750.000	11400.000	7025.000	10217.000	1000.000	18737.000	25000.000	8520.000	0.224
0.5942424485816127	28850.000	11440.000	7105.000	10252.000	1000.000	18814.000	25000.000	8562.000	0.224
0.5923000621989524	28950.000	11480.000	7085.000	10231.000	1000.000	18796.000	25001.000	8565.000	0.224
0.5975318246631989	29050.000	11520.000	7143.000	10274.000	1000.000	18856.000	25000.000	8582.000	0.225
0.5951342607983553	29150.000	11560.000	7160.000	10338.000	1000.000	18927.000	25001.000	8589.000	0.225
0.5958869648871684	29250.000	11600.000	7127.000	10256.000	1000.000	18843.000	25000.000	8587.000	0.224
0.6045736539058829	29350.000	11640.000	7128.000	10140.000	1000.000	18730.000	25000.000	8590.000	0.224
0.6047031494861803	29450.000	11680.000	7215.000	10301.000	1000.000	18923.000	25001.000	8622.000	0.224
0.5998376331716758	29550.000	11720.000	7188.000	10322.000	1000.000	18927.000	25000.000	8605.000	0.224
0.5941607133472053	29650.000	11760.000	7105.000	10276.000	1000.000	18813.000	25000.000	8537.000	0.224
0.5998271364243688	29750.000	11800.000	7155.000	10229.000	1000.000	18856.000	25000.000	8627.000	0.224
0.5928619547907852	29850.000	11840.000	7078.000	10198.000	1000.000	18774.000	25001.000	8576.000	0.224
0.5925146332651599	29950.000	11880.000	7113.000	10243.000	1000.000	18860.000	25001.000	8617.000	0.224
0.6005312550584679	30050.000	11920.000	7136.000	10222.000	1000.000	18800.000	25001.000	8578.000	0.224
0.6053313006539678	30150.000	11960.000	7124.000	10147.000	1000.000	18708.000	25000.000	8561.000	0.224
0.5906315251050583	30250.000	12000.000	7049.000	10207.000	1000.000	18735.000	25001.000	8528.000	0.224
0.5927732364740188	30350.000	12040.000	7015.000	10130.000	1000.000	18628.000	25001.000	8498.000	0.224
1.1654862935648653	30450.000	12080.000	7092.000	10292.000	1000.000	18821.000	25000.000	85.000	0.224
1.171649171272763	30550.000	12120.000	7091.000	10276.000	1000.000	18826.000	25000.000	0.000	0.224
1.167769958023518	30650.000	12160.000	7057.000	10225.000	1000.000	18776.000	25001.000	0.000	0.224
0.05476294483021089	30750.000	12200.000	331.000	10231.000	1000.000	18702.000	25001.000	0.000	0.224
