         P           T(ns)       T(points)             N11         N10+N11  Exposition(ms)             Ch1             Ch2         N01+N11            Temp
0.19175956298707622	850.000	480.000	100.000	487.000	108.000	654.000	5421.000	167.000	0.231
0.16247434490000479	950.000	560.000	100.000	574.000	144.000	752.000	7217.000	178.000	0.231
0.15322979210306362	1050.000	640.000	100.000	619.000	134.000	770.000	6748.000	151.000	0.231
0.1247943588270955	1150.000	720.000	100.000	744.000	183.000	925.000	9169.000	181.000	0.231
0.12309579366584877	1250.000	800.000	100.000	771.000	166.000	921.000	8340.000	150.000	0.231
0.13222138354230442	1350.000	880.000	100.000	720.000	173.000	873.000	8669.000	153.000	0.231
0.10596269511360373	1450.000	960.000	100.000	887.000	212.000	1053.000	10626.000	166.000	0.231
0.10182345893394489	1550.000	1040.000	100.000	913.000	215.000	1089.000	10776.000	176.000	0.231
0.09750002870325265	1650.000	1120.000	100.000	972.000	220.000	1126.000	11008.000	154.000	0.231
0.08381455970857378	1750.000	1200.000	100.000	1121.000	263.000	1286.000	13177.000	165.000	0.231
0.08255700996036908	1850.000	1280.000	100.000	1157.000	265.000	1304.000	13291.000	147.000	0.231
0.07097136740555032	1950.000	1360.000	100.000	1335.000	301.000	1489.000	15058.000	154.000	0.231
0.07286670203602238	2050.000	1440.000	100.000	1276.000	290.000	1449.000	14541.000	173.000	0.231
0.06751746233058227	2150.000	1520.000	100.000	1405.000	328.000	1560.000	16445.000	155.000	0.231
0.061782429893947007	2250.000	1600.000	100.000	1522.000	351.000	1685.000	17591.000	163.000	0.231
0.06443593899669077	2350.000	1680.000	100.000	1481.000	327.000	1627.000	16387.000	146.000	0.231
0.058337531471945966	2450.000	1760.000	100.000	1638.000	379.000	1785.000	18965.000	147.000	0.231
0.04083375622049474	2550.000	1840.000	100.000	2287.000	516.000	2455.000	25803.000	168.000	0.231
0.039781028690545985	2650.000	1920.000	100.000	2352.000	558.000	2522.000	27937.000	170.000	0.231
0.03434400087256898	2750.000	2000.000	100.000	2704.000	630.000	2880.000	31511.000	176.000	0.231
0.03263873186692528	2850.000	2080.000	100.000	2840.000	670.000	3019.000	33549.000	179.000	0.231
0.02962828210884977	2950.000	2160.000	100.000	3136.000	717.000	3310.000	35887.000	174.000	0.231
0.034718662528828596	3050.000	2240.000	100.000	2711.000	644.000	2875.000	32230.000	164.000	0.231
0.02866218516454242	3150.000	2320.000	100.000	3241.000	776.000	3419.000	38817.000	178.000	0.231
0.027560821998802193	3250.000	2400.000	100.000	3383.000	798.000	3556.000	39906.000	173.000	0.231
0.01766118206428309	3350.000	2480.000	100.000	5088.000	1195.000	5297.000	59782.000	209.000	0.231
0.026073774160065046	3450.000	2560.000	100.000	3564.000	847.000	3741.000	42363.000	177.000	0.231
0.02277468044194483	3550.000	2640.000	100.000	4053.000	955.000	4236.000	47774.000	183.000	0.231
0.019831200602298486	3650.000	2720.000	100.000	4630.000	1077.000	4817.000	53864.000	187.000	0.231
0.01912134331476068	3750.000	2800.000	100.000	4742.000	1091.000	4940.000	54569.000	198.000	0.231
0.018602550426081704	3850.000	2880.000	100.000	4861.000	1122.000	5062.000	56147.000	201.000	0.231
0.01550225998076167	3950.000	2960.000	100.000	5812.000	1325.000	6015.000	66275.000	203.000	0.231
0.01570552825815094	4050.000	3040.000	100.000	5733.000	1323.000	5938.000	66170.000	205.000	0.231
0.013680644164925435	4150.000	3120.000	100.000	6634.000	1525.000	6831.000	76257.000	197.000	0.231
0.014314963483172703	4250.000	3200.000	100.000	6241.000	1447.000	6454.000	72396.000	213.000	0.231
0.01179722651849188	4350.000	3280.000	100.000	7442.000	1746.000	7673.000	87319.000	231.000	0.231
0.012280609887896332	4450.000	3360.000	100.000	7293.000	1696.000	7504.000	84852.000	211.000	0.231
0.01090151133572106	4550.000	3440.000	100.000	8169.000	1879.000	8384.000	93997.000	215.000	0.231
0.009122279083311967	4650.000	3520.000	100.000	9665.000	2267.000	9892.000	113395.000	227.000	0.231
0.010033221595230325	4750.000	3600.000	100.000	8716.000	2035.000	8950.000	101776.000	234.000	0.232
0.008320705737545361	4850.000	3680.000	100.000	10256.000	2387.000	10512.000	119371.000	256.000	0.232
0.011252154148148447	4950.000	3760.000	100.000	7967.000	1852.000	8177.000	92607.000	210.000	0.231
0.008271837125934451	5050.000	3840.000	100.000	10437.000	2453.000	10684.000	122697.000	247.000	0.231
0.008472508807248522	5150.000	3920.000	100.000	10225.000	2376.000	10467.000	118834.000	242.000	0.232
0.008353313370520317	5250.000	4000.000	100.000	10568.000	2555.000	10798.000	127768.000	230.000	0.232
0.008534267542655996	5350.000	4080.000	100.000	10228.000	2393.000	10464.000	119657.000	236.000	0.231
0.006212348912097541	5450.000	4160.000	100.000	13367.000	3136.000	13649.000	156814.000	282.000	0.232
0.007961871257433086	5550.000	4240.000	100.000	11228.000	2659.000	11443.000	132994.000	215.000	0.232
0.008680976389222052	5650.000	4320.000	100.000	10229.000	2395.000	10449.000	119803.000	220.000	0.232
0.005775626900336076	5750.000	4400.000	100.000	14850.000	3468.000	15102.000	173451.000	252.000	0.231
0.007534377535583577	5850.000	4480.000	100.000	11564.000	2782.000	11806.000	139130.000	242.000	0.232
0.007616887542749556	5950.000	4560.000	100.000	11455.000	2655.000	11690.000	132757.000	235.000	0.232
0.006977248375395891	6050.000	4640.000	100.000	12251.000	2860.000	12506.000	143014.000	255.000	0.231
0.006055369563227454	6150.000	4720.000	100.000	13805.000	3187.000	14078.000	159381.000	273.000	0.231
0.005485004516949294	6250.000	4800.000	100.000	15076.000	3454.000	15357.000	172734.000	281.000	0.232
0.005396832212625627	6350.000	4880.000	100.000	15464.000	3655.000	15743.000	182785.000	279.000	0.232
0.005523433383419363	6450.000	4960.000	100.000	14869.000	3475.000	15160.000	173775.000	291.000	0.232
0.0046214058299733525	6550.000	5040.000	100.000	17568.000	4068.000	17867.000	203417.000	299.000	0.231
0.004496390567520469	6650.000	5120.000	100.000	18142.000	4222.000	18438.000	211116.000	296.000	0.232
0.0051539832917620355	6750.000	5200.000	100.000	16053.000	3743.000	16337.000	187155.000	284.000	0.232
0.003986259698762064	6850.000	5280.000	100.000	20074.000	4681.000	20387.000	234078.000	313.000	0.232
0.004291817242309945	6950.000	5360.000	100.000	18960.000	4430.000	19259.000	221516.000	299.000	0.232
0.004256373462531548	7050.000	5440.000	100.000	18985.000	4435.000	19290.000	221766.000	305.000	0.232
0.004590213231503548	7150.000	5520.000	100.000	18354.000	4305.000	18623.000	215280.000	269.000	0.231
0.0038133562615547886	7250.000	5600.000	100.000	20523.000	4809.000	20856.000	240495.000	333.000	0.232
0.004333215749721868	7350.000	5680.000	100.000	18485.000	4252.000	18794.000	212619.000	309.000	0.231
0.0037521815076754493	7450.000	5760.000	100.000	21186.000	4928.000	21504.000	246412.000	318.000	0.232
0.003582269768321855	7550.000	5840.000	100.000	21084.000	4936.000	21446.000	246817.000	362.000	0.232
0.004443940894178111	7650.000	5920.000	100.000	18488.000	4328.000	18779.000	216421.000	291.000	0.232
0.0037619065176506036	7750.000	6000.000	100.000	20686.000	4796.000	21021.000	239845.000	335.000	0.232
0.0032169903885915807	7850.000	6080.000	100.000	24184.000	5647.000	24521.000	282361.000	337.000	0.232
0.0034429444707401386	7950.000	6160.000	100.000	22591.000	5291.000	22929.000	264560.000	338.000	0.232
0.003357010659917876	8050.000	6240.000	100.000	23917.000	5598.000	24228.000	279949.000	311.000	0.231
0.0032020067069793196	8150.000	6320.000	100.000	24332.000	5685.000	24668.000	284299.000	336.000	0.232
0.004231626609084063	8250.000	6400.000	100.000	19565.000	4552.000	19848.000	227628.000	283.000	0.232
0.0034201892690891036	8350.000	6480.000	100.000	22611.000	5220.000	22950.000	261030.000	339.000	0.231
0.0035014604973912754	8450.000	6560.000	100.000	22290.000	5136.000	22621.000	256842.000	331.000	0.232
0.002575722175990298	8550.000	6640.000	100.000	27836.000	6556.000	28241.000	327812.000	405.000	0.232
0.002687999337225432	8650.000	6720.000	100.000	28504.000	6689.000	28856.000	334497.000	351.000	0.232
0.0030576319450984508	8750.000	6800.000	100.000	25803.000	5968.000	26126.000	298457.000	323.000	0.232
0.0029663771013362554	8850.000	6880.000	100.000	25150.000	5870.000	25521.000	293529.000	371.000	0.232
0.0034410227346952046	8950.000	6960.000	100.000	22757.000	5280.000	23087.000	264042.000	330.000	0.232
0.0027294016989643116	9050.000	7040.000	100.000	27151.000	6330.000	27527.000	316549.000	376.000	0.232
0.0038912362216713004	9150.000	7120.000	100.000	21099.000	4877.000	21388.000	243891.000	289.000	0.232
0.002859678856762036	9250.000	7200.000	100.000	26379.000	6111.000	26739.000	305584.000	360.000	0.232
0.002930333052233741	9350.000	7280.000	100.000	25783.000	5894.000	26138.000	294716.000	355.000	0.232
0.002906245037390985	9450.000	7360.000	100.000	26819.000	6250.000	27154.000	312549.000	335.000	0.232
0.003971370354858732	9550.000	7440.000	100.000	20763.000	4770.000	21047.000	238543.000	284.000	0.232
0.0022885794770194905	9650.000	7520.000	100.000	31311.000	7210.000	31709.000	360525.000	398.000	0.231
0.0024582538680747363	9750.000	7600.000	100.000	29708.000	6872.000	30093.000	343639.000	385.000	0.232
0.0027919668886409784	9850.000	7680.000	100.000	26762.000	6187.000	27129.000	309399.000	367.000	0.232
0.002349975629236023	9950.000	7760.000	100.000	30984.000	7206.000	31373.000	360330.000	389.000	0.232
0.0022605739151263346	10050.000	7840.000	100.000	32065.000	7376.000	32454.000	368859.000	389.000	0.232
0.0017154636829096765	10150.000	7920.000	100.000	38505.000	8959.000	38966.000	447987.000	461.000	0.232
0.002815345001549764	10250.000	8000.000	100.000	27327.000	6328.000	27671.000	316413.000	344.000	0.232
0.0023733915131759972	10350.000	8080.000	100.000	30977.000	7193.000	31358.000	359705.000	381.000	0.232
0.0023357384165022506	10450.000	8160.000	100.000	31322.000	7301.000	31708.000	365081.000	386.000	0.232
0.0022135283678146648	10550.000	8240.000	100.000	32888.000	7645.000	33277.000	382304.000	389.000	0.232
0.0021349760482295326	10650.000	8320.000	100.000	32936.000	7649.000	33351.000	382464.000	415.000	0.232
0.002400763554529902	10750.000	8400.000	100.000	31156.000	7175.000	31521.000	358765.000	365.000	0.232
0.0021357336654789943	10850.000	8480.000	100.000	33963.000	7900.000	34355.000	395060.000	392.000	0.232
0.002040629126366112	10950.000	8560.000	100.000	34585.000	8049.000	34998.000	402475.000	413.000	0.232
0.0018072395917614428	11050.000	8640.000	100.000	38777.000	8991.000	39194.000	449607.000	417.000	0.232
0.0020020327776005668	11150.000	8720.000	100.000	35257.000	8160.000	35668.000	408032.000	411.000	0.232
0.00262501524211737	11250.000	8800.000	100.000	28761.000	6631.000	29119.000	331608.000	358.000	0.232
0.0024868064713854097	11350.000	8880.000	100.000	30616.000	7052.000	30967.000	352634.000	351.000	0.232
0.002162732018402692	11450.000	8960.000	100.000	33661.000	7850.000	34051.000	392543.000	390.000	0.232
0.0023210932994013607	11550.000	9040.000	100.000	31870.000	7372.000	32245.000	368610.000	375.000	0.232
0.00223293627092634	11650.000	9120.000	100.000	32546.000	7487.000	32933.000	374360.000	387.000	0.232
0.0020316677466072045	11750.000	9200.000	100.000	35087.000	8057.000	35488.000	402882.000	401.000	0.232
0.0018195791280737324	11850.000	9280.000	100.000	36958.000	8479.000	37401.000	424006.000	443.000	0.232
0.0022407705515318497	11950.000	9360.000	100.000	32602.000	7499.000	32985.000	374999.000	383.000	0.232
0.0015735526927324035	12050.000	9440.000	100.000	41371.000	9551.000	41839.000	477597.000	468.000	0.232
0.0019454027786115866	12150.000	9520.000	100.000	36458.000	8378.000	36863.000	418913.000	405.000	0.232
0.0021327797054541938	12250.000	9600.000	100.000	33421.000	7696.000	33823.000	384849.000	402.000	0.232
0.0015827669498695584	12350.000	9680.000	100.000	40853.000	9371.000	41323.000	468582.000	470.000	0.232
0.001925959375820921	12450.000	9760.000	100.000	37496.000	8658.000	37889.000	432912.000	393.000	0.232
0.0020031673933190324	12550.000	9840.000	100.000	35999.000	8284.000	36392.000	414216.000	393.000	0.232
0.0016633836135750296	12650.000	9920.000	100.000	39056.000	8985.000	39524.000	449293.000	468.000	0.232
0.0020599493845256042	12750.000	10000.000	100.000	33864.000	7843.000	34284.000	392191.000	420.000	0.232
0.0013963902725040922	12850.000	10080.000	100.000	44604.000	10329.000	45103.000	516480.000	499.000	0.232
0.0022887077404669977	12950.000	10160.000	100.000	31925.000	7371.000	32309.000	368564.000	384.000	0.232
0.002249563865012123	13050.000	10240.000	100.000	32160.000	7341.000	32548.000	367087.000	388.000	0.232
0.0020341241434105738	13150.000	10320.000	100.000	34317.000	7937.000	34736.000	396865.000	419.000	0.232
0.0010882074370646075	13250.000	10400.000	100.000	51320.000	11812.000	51884.000	590635.000	564.000	0.232
0.0016756297206472713	13350.000	10480.000	100.000	39836.000	9135.000	40284.000	456771.000	448.000	0.232
0.001744273894586116	13450.000	10560.000	100.000	39454.000	9089.000	39882.000	454474.000	428.000	0.232
0.0018032098918177274	13550.000	10640.000	100.000	38032.000	8700.000	38460.000	435052.000	428.000	0.232
0.0021589235782667484	13650.000	10720.000	100.000	33213.000	7612.000	33609.000	380653.000	396.000	0.232
0.0019543906914612635	13750.000	10800.000	100.000	35905.000	8253.000	36318.000	412679.000	413.000	0.232
0.0014983865763738636	13850.000	10880.000	100.000	43451.000	10008.000	43918.000	500455.000	467.000	0.232
0.0019313553440057358	13950.000	10960.000	100.000	37202.000	8541.000	37597.000	427067.000	395.000	0.232
0.001485989380322524	14050.000	11040.000	100.000	44892.000	10229.000	45339.000	511464.000	446.000	0.232
0.0013770524208430762	14150.000	11120.000	100.000	45927.000	10639.000	46424.000	531985.000	489.000	0.232
0.0015382164332416446	14250.000	11200.000	100.000	42278.000	9792.000	42748.000	489635.000	470.000	0.232
0.0017197591074686856	14350.000	11280.000	100.000	40882.000	9326.000	41291.000	466323.000	409.000	0.232
0.00186499823414051	14450.000	11360.000	100.000	38264.000	8755.000	38663.000	437770.000	399.000	0.232
0.0018840912298922696	14550.000	11440.000	100.000	37570.000	8698.000	37979.000	434943.000	409.000	0.232
0.001419632599500045	14650.000	11520.000	100.000	44922.000	10247.000	45399.000	512404.000	477.000	0.232
0.0013038519286808926	14750.000	11600.000	100.000	45682.000	10493.000	46206.000	524673.000	524.000	0.232
0.0017859220983033517	14850.000	11680.000	100.000	37966.000	8777.000	38406.000	438903.000	440.000	0.232
0.001738725155378045	14950.000	11760.000	100.000	39364.000	9069.000	39796.000	453501.000	432.000	0.232
0.0012929372448746204	15050.000	11840.000	100.000	47646.000	10879.000	48146.000	544001.000	500.000	0.232
0.0015804935526384858	15150.000	11920.000	100.000	41569.000	9508.000	42027.000	475432.000	458.000	0.232
0.001945227194197352	15250.000	12000.000	100.000	37182.000	8536.000	37572.000	426838.000	390.000	0.232
0.0019487598961050782	15350.000	12080.000	100.000	36578.000	8398.000	36979.000	419957.000	401.000	0.232
0.0012411830305083334	15450.000	12160.000	100.000	48944.000	11253.000	49456.000	562680.000	512.000	0.232
0.0015213529767719944	15550.000	12240.000	100.000	42568.000	9717.000	43035.000	485896.000	467.000	0.232
0.0013410485711092364	15650.000	12320.000	100.000	45517.000	10373.000	46022.000	518685.000	505.000	0.232
0.0014738509838360975	15750.000	12400.000	100.000	44194.000	10060.000	44656.000	503061.000	462.000	0.232
0.0014705232250084377	15850.000	12480.000	100.000	45359.000	10415.000	45808.000	520764.000	449.000	0.232
0.0013509932167219422	15950.000	12560.000	100.000	47335.000	10820.000	47811.000	541027.000	476.000	0.232
0.0012896315918856983	16050.000	12640.000	100.000	47879.000	10945.000	48378.000	547274.000	499.000	0.232
0.0014286323811188342	16150.000	12720.000	100.000	44950.000	10320.000	45425.000	516019.000	475.000	0.232
0.0011089922208567657	16250.000	12800.000	100.000	52594.000	11930.000	53125.000	596535.000	531.000	0.232
0.001470601423779634	16350.000	12880.000	100.000	43826.000	9999.000	44296.000	499969.000	470.000	0.232
0.0010548510093185708	16450.000	12960.000	100.000	55713.000	12707.000	56242.000	635394.000	529.000	0.232
0.0012085864521551263	16550.000	13040.000	100.000	49590.000	11363.000	50109.000	568187.000	519.000	0.232
0.001295793746056788	16650.000	13120.000	100.000	48269.000	10914.000	48755.000	545737.000	486.000	0.232
0.0013708368063305137	16750.000	13200.000	100.000	46800.000	10675.000	47273.000	533799.000	473.000	0.232
0.00175619200354993	16850.000	13280.000	100.000	38745.000	8849.000	39178.000	442486.000	433.000	0.232
0.0013438603755549304	16950.000	13360.000	100.000	48779.000	11114.000	49237.000	555716.000	458.000	0.232
0.0008789558899426776	17050.000	13440.000	100.000	60989.000	13839.000	61569.000	692000.000	580.000	0.232
0.001186803504498405	17150.000	13520.000	100.000	50155.000	11411.000	50675.000	570591.000	520.000	0.232
0.0012109693005164194	17250.000	13600.000	100.000	49982.000	11382.000	50492.000	569133.000	510.000	0.232
0.0012313131489775312	17350.000	13680.000	100.000	49939.000	11295.000	50436.000	564768.000	497.000	0.232
0.0011331283154046015	17450.000	13760.000	100.000	51378.000	11651.000	51910.000	582593.000	532.000	0.232
0.0009053755928293194	17550.000	13840.000	100.000	60261.000	13617.000	60829.000	680891.000	568.000	0.232
0.0010591453671036403	17650.000	13920.000	100.000	53346.000	12104.000	53896.000	605216.000	550.000	0.232
0.001348450330763096	17750.000	14000.000	100.000	48230.000	11006.000	48694.000	550335.000	464.000	0.232
0.0010180265281316205	17850.000	14080.000	100.000	56890.000	12925.000	57426.000	646277.000	536.000	0.232
0.00122649062627304	17950.000	14160.000	100.000	48198.000	11031.000	48725.000	551567.000	527.000	0.232
0.0009865745265666736	18050.000	14240.000	100.000	56567.000	12804.000	57123.000	640254.000	556.000	0.232
0.0011282457968506358	18150.000	14320.000	100.000	51525.000	11761.000	52061.000	588101.000	536.000	0.232
