         P           T(ns)       T(points)             N11         N10+N11  Exposition(ms)             Ch1             Ch2         N01+N11            Temp
     0.000	   850.000	   480.000	     0.000	  5324.000	  1000.000	  7503.000	 50001.000	  1163.000	     0.226
     0.002	   950.000	   560.000	    13.000	  5414.000	  1000.000	  7476.000	 50001.000	  2062.000	     0.226
     0.077	  1050.000	   640.000	   409.000	  5346.000	  1000.000	  7230.000	 50001.000	  1884.000	     0.227
     0.140	  1150.000	   720.000	   746.000	  5324.000	  1000.000	  7050.000	 50001.000	  1726.000	     0.227
     0.170	  1250.000	   800.000	   932.000	  5470.000	  1000.000	  7134.000	 50001.000	  1664.000	     0.227
     0.173	  1350.000	   880.000	   927.000	  5345.000	  1000.000	  6822.000	 50001.000	  1477.000	     0.227
     0.172	  1450.000	   960.000	   931.000	  5421.000	  1000.000	  6824.000	 50001.000	  1403.000	     0.227
     0.156	  1550.000	  1040.000	   836.000	  5347.000	  1000.000	  6643.000	 50001.000	  1296.000	     0.227
     0.162	  1650.000	  1120.000	   883.000	  5453.000	  1000.000	  6767.000	 50001.000	  1314.000	     0.227
     0.149	  1750.000	  1200.000	   798.000	  5338.000	  1000.000	  6513.000	 50001.000	  1175.000	     0.227
     0.135	  1850.000	  1280.000	   718.000	  5316.000	  1000.000	  6416.000	 50001.000	  1100.000	     0.227
     0.129	  1950.000	  1360.000	   678.000	  5274.000	  1000.000	  6318.000	 50001.000	  1044.000	     0.227
     0.120	  2050.000	  1440.000	   650.000	  5424.000	  1000.000	  6449.000	 50001.000	  1025.000	     0.226
     0.114	  2150.000	  1520.000	   611.000	  5366.000	  1000.000	  6312.000	 50001.000	   946.000	     0.227
     0.107	  2250.000	  1600.000	   598.000	  5563.000	  1000.000	  6445.000	 50001.000	   882.000	     0.227
     0.100	  2350.000	  1680.000	   531.000	  5289.000	  1000.000	  6061.000	 50001.000	   772.000	     0.227
     0.093	  2450.000	  1760.000	   499.000	  5382.000	  1000.000	  6164.000	 50001.000	   782.000	     0.226
     0.090	  2550.000	  1840.000	   480.000	  5314.000	  1000.000	  6067.000	 50001.000	   753.000	     0.226
     0.083	  2650.000	  1920.000	   443.000	  5338.000	  1000.000	  6048.000	 50001.000	   710.000	     0.227
     0.079	  2750.000	  2000.000	   419.000	  5304.000	  1000.000	  5964.000	 50001.000	   660.000	     0.226
     0.074	  2850.000	  2080.000	   392.000	  5328.000	  1000.000	  5924.000	 50002.000	   596.000	     0.226
     0.074	  2950.000	  2160.000	   390.000	  5297.000	  1000.000	  5910.000	 50001.000	   613.000	     0.227
     0.068	  3050.000	  2240.000	   371.000	  5418.000	  1000.000	  5988.000	 50001.000	   570.000	     0.226
     0.061	  3150.000	  2320.000	   333.000	  5437.000	  1000.000	  5981.000	 50001.000	   544.000	     0.227
     0.063	  3250.000	  2400.000	   336.000	  5351.000	  1000.000	  5864.000	 50001.000	   513.000	     0.227
     0.059	  3350.000	  2480.000	   317.000	  5366.000	  1000.000	  5860.000	 50001.000	   494.000	     0.226
     0.057	  3450.000	  2560.000	   314.000	  5553.000	  1000.000	  6068.000	 50002.000	   515.000	     0.227
     0.050	  3550.000	  2640.000	   267.000	  5338.000	  1000.000	  5754.000	 50002.000	   416.000	     0.227
     0.050	  3650.000	  2720.000	   268.000	  5349.000	  1000.000	  5758.000	 50001.000	   409.000	     0.227
     0.048	  3750.000	  2800.000	   259.000	  5341.000	  1000.000	  5756.000	 50001.000	   415.000	     0.226
     0.044	  3850.000	  2880.000	   239.000	  5433.000	  1000.000	  5830.000	 50001.000	   397.000	     0.226
     0.039	  3950.000	  2960.000	   212.000	  5418.000	  1000.000	  5778.000	 50001.000	   360.000	     0.226
     0.038	  4050.000	  3040.000	   203.000	  5336.000	  1000.000	  5693.000	 50001.000	   357.000	     0.226
     0.037	  4150.000	  3120.000	   195.000	  5304.000	  1000.000	  5621.000	 50001.000	   317.000	     0.226
     0.041	  4250.000	  3200.000	   221.000	  5341.000	  1000.000	  5694.000	 50002.000	   353.000	     0.227
     0.037	  4350.000	  3280.000	   197.000	  5392.000	  1000.000	  5711.000	 50001.000	   319.000	     0.226
     0.035	  4450.000	  3360.000	   189.000	  5386.000	  1000.000	  5696.000	 50001.000	   310.000	     0.227
     0.027	  4550.000	  3440.000	   144.000	  5393.000	  1000.000	  5641.000	 50001.000	   248.000	     0.227
     0.032	  4650.000	  3520.000	   169.000	  5291.000	  1000.000	  5555.000	 50001.000	   264.000	     0.227
     0.027	  4750.000	  3600.000	   142.000	  5357.000	  1000.000	  5619.000	 50001.000	   262.000	     0.227
     0.027	  4850.000	  3680.000	   148.000	  5436.000	  1000.000	  5707.000	 50001.000	   271.000	     0.226
     0.028	  4950.000	  3760.000	   147.000	  5318.000	  1000.000	  5556.000	 50001.000	   238.000	     0.226
     0.026	  5050.000	  3840.000	   138.000	  5275.000	  1000.000	  5511.000	 50002.000	   236.000	     0.227
     0.022	  5150.000	  3920.000	   117.000	  5438.000	  1000.000	  5673.000	 50001.000	   235.000	     0.227
     0.019	  5250.000	  4000.000	   101.000	  5410.000	  1000.000	  5592.000	 50001.000	   182.000	     0.226
     0.024	  5350.000	  4080.000	   130.000	  5406.000	  1000.000	  5633.000	 50001.000	   227.000	     0.227
     0.021	  5450.000	  4160.000	   110.000	  5322.000	  1000.000	  5523.000	 50001.000	   201.000	     0.227
     0.021	  5550.000	  4240.000	   109.000	  5294.000	  1000.000	  5498.000	 50001.000	   204.000	     0.227
     0.019	  5650.000	  4320.000	   101.000	  5310.000	  1000.000	  5493.000	 50001.000	   183.000	     0.227
     0.019	  5750.000	  4400.000	   105.000	  5474.000	  1000.000	  5663.000	 50001.000	   189.000	     0.227
     0.020	  5850.000	  4480.000	   107.000	  5225.000	  1000.000	  5393.000	 50001.000	   168.000	     0.227
     0.018	  5950.000	  4560.000	    92.000	  5232.000	  1000.000	  5403.000	 50002.000	   171.000	     0.227
     0.016	  6050.000	  4640.000	    88.000	  5492.000	  1000.000	  5657.000	 50001.000	   165.000	     0.227
     0.016	  6150.000	  4720.000	    86.000	  5444.000	  1000.000	  5616.000	 50001.000	   172.000	     0.227
     0.016	  6250.000	  4800.000	    87.000	  5447.000	  1000.000	  5612.000	 50001.000	   165.000	     0.227
     0.012	  6350.000	  4880.000	    66.000	  5336.000	  1000.000	  5493.000	 50001.000	   157.000	     0.227
     0.015	  6450.000	  4960.000	    80.000	  5394.000	  1000.000	  5551.000	 50001.000	   157.000	     0.227
     0.012	  6550.000	  5040.000	    63.000	  5387.000	  1000.000	  5530.000	 50001.000	   143.000	     0.227
     0.013	  6650.000	  5120.000	    70.000	  5532.000	  1000.000	  5683.000	 50001.000	   151.000	     0.227
     0.014	  6750.000	  5200.000	    74.000	  5419.000	  1000.000	  5565.000	 50001.000	   146.000	     0.227
     0.013	  6850.000	  5280.000	    70.000	  5397.000	  1000.000	  5554.000	 50002.000	   157.000	     0.227
     0.010	  6950.000	  5360.000	    52.000	  5340.000	  1000.000	  5450.000	 50001.000	   110.000	     0.227
     0.012	  7050.000	  5440.000	    62.000	  5307.000	  1000.000	  5450.000	 50002.000	   143.000	     0.227
     0.012	  7150.000	  5520.000	    62.000	  5375.000	  1000.000	  5507.000	 50001.000	   132.000	     0.227
     0.011	  7250.000	  5600.000	    60.000	  5409.000	  1000.000	  5525.000	 50001.000	   116.000	     0.227
     0.011	  7350.000	  5680.000	    58.000	  5342.000	  1000.000	  5454.000	 50001.000	   112.000	     0.227
     0.010	  7450.000	  5760.000	    53.000	  5465.000	  1000.000	  5591.000	 50001.000	   126.000	     0.227
     0.010	  7550.000	  5840.000	    54.000	  5402.000	  1000.000	  5525.000	 50001.000	   123.000	     0.227
     0.010	  7650.000	  5920.000	    53.000	  5297.000	  1000.000	  5410.000	 50001.000	   113.000	     0.227
     0.008	  7750.000	  6000.000	    42.000	  5246.000	  1000.000	  5343.000	 50002.000	    97.000	     0.227
     0.006	  7850.000	  6080.000	    34.000	  5362.000	  1000.000	  5455.000	 50001.000	    93.000	     0.227
     0.007	  7950.000	  6160.000	    39.000	  5297.000	  1000.000	  5387.000	 50001.000	    90.000	     0.227
     0.007	  8050.000	  6240.000	    38.000	  5399.000	  1000.000	  5487.000	 50001.000	    88.000	     0.227
     0.008	  8150.000	  6320.000	    45.000	  5517.000	  1000.000	  5623.000	 50002.000	   106.000	     0.227
     0.007	  8250.000	  6400.000	    40.000	  5336.000	  1000.000	  5433.000	 50001.000	    97.000	     0.227
     0.009	  8350.000	  6480.000	    46.000	  5284.000	  1000.000	  5408.000	 50001.000	   124.000	     0.227
     0.012	  8450.000	  6560.000	    65.000	  5368.000	  1000.000	  5493.000	 50001.000	   125.000	     0.227
     0.008	  8550.000	  6640.000	    44.000	  5377.000	  1000.000	  5475.000	 50001.000	    98.000	     0.227
     0.010	  8650.000	  6720.000	    53.000	  5408.000	  1000.000	  5510.000	 50002.000	   102.000	     0.227
     0.005	  8750.000	  6800.000	    29.000	  5362.000	  1000.000	  5452.000	 50001.000	    90.000	     0.227
     0.008	  8850.000	  6880.000	    41.000	  5258.000	  1000.000	  5366.000	 50002.000	   108.000	     0.227
     0.006	  8950.000	  6960.000	    34.000	  5438.000	  1000.000	  5517.000	 50001.000	    79.000	     0.227
     0.004	  9050.000	  7040.000	    23.000	  5388.000	  1000.000	  5469.000	 50001.000	    81.000	     0.227
     0.007	  9150.000	  7120.000	    37.000	  5362.000	  1000.000	  5449.000	 50002.000	    87.000	     0.227
     0.007	  9250.000	  7200.000	    40.000	  5380.000	  1000.000	  5464.000	 50001.000	    84.000	     0.227
     0.004	  9350.000	  7280.000	    21.000	  5284.000	  1000.000	  5366.000	 50001.000	    82.000	     0.227
     0.007	  9450.000	  7360.000	    38.000	  5475.000	  1000.000	  5571.000	 50002.000	    96.000	     0.227
     0.006	  9550.000	  7440.000	    33.000	  5353.000	  1000.000	  5433.000	 50001.000	    80.000	     0.227
     0.007	  9650.000	  7520.000	    36.000	  5323.000	  1000.000	  5406.000	 50001.000	    83.000	     0.227
     0.006	  9750.000	  7600.000	    32.000	  5330.000	  1000.000	  5416.000	 50001.000	    86.000	     0.227
     0.008	  9850.000	  7680.000	    43.000	  5464.000	  1000.000	  5558.000	 50001.000	    94.000	     0.227
     0.005	  9950.000	  7760.000	    27.000	  5462.000	  1000.000	  5549.000	 50001.000	    87.000	     0.227
     0.007	 10050.000	  7840.000	    37.000	  5350.000	  1000.000	  5427.000	 50001.000	    77.000	     0.227
     0.002	 10150.000	  7920.000	    12.000	  5320.000	  1000.000	  5372.000	 50001.000	    52.000	     0.227
     0.004	 10250.000	  8000.000	    22.000	  5281.000	  1000.000	  5360.000	 50001.000	    79.000	     0.227
     0.005	 10350.000	  8080.000	    27.000	  5353.000	  1000.000	  5417.000	 50001.000	    64.000	     0.227
     0.006	 10450.000	  8160.000	    30.000	  5311.000	  1000.000	  5376.000	 50001.000	    65.000	     0.227
     0.005	 10550.000	  8240.000	    27.000	  5432.000	  1000.000	  5508.000	 50001.000	    76.000	     0.227
     0.005	 10650.000	  8320.000	    28.000	  5440.000	  1000.000	  5525.000	 50001.000	    85.000	     0.227
     0.005	 10750.000	  8400.000	    28.000	  5240.000	  1000.000	  5317.000	 50001.000	    77.000	     0.227
     0.004	 10850.000	  8480.000	    21.000	  5407.000	  1000.000	  5462.000	 50001.000	    55.000	     0.227
     0.004	 10950.000	  8560.000	    22.000	  5339.000	  1000.000	  5406.000	 50001.000	    67.000	     0.227
     0.005	 11050.000	  8640.000	    29.000	  5328.000	  1000.000	  5413.000	 50001.000	    85.000	     0.227
     0.003	 11150.000	  8720.000	    14.000	  5307.000	  1000.000	  5363.000	 50001.000	    56.000	     0.227
     0.004	 11250.000	  8800.000	    24.000	  5428.000	  1000.000	  5494.000	 50001.000	    66.000	     0.227
     0.004	 11350.000	  8880.000	    20.000	  5377.000	  1000.000	  5443.000	 50002.000	    66.000	     0.227
     0.003	 11450.000	  8960.000	    15.000	  5367.000	  1000.000	  5427.000	 50001.000	    60.000	     0.227
     0.004	 11550.000	  9040.000	    19.000	  5357.000	  1000.000	  5414.000	 50002.000	    57.000	     0.227
     0.006	 11650.000	  9120.000	    32.000	  5431.000	  1000.000	  5514.000	 50001.000	    83.000	     0.227
     0.005	 11750.000	  9200.000	    25.000	  5303.000	  1000.000	  5363.000	 50001.000	    60.000	     0.227
     0.004	 11850.000	  9280.000	    22.000	  5480.000	  1000.000	  5551.000	 50002.000	    71.000	     0.227
     0.005	 11950.000	  9360.000	    28.000	  5231.000	  1000.000	  5313.000	 50001.000	    82.000	     0.227
     0.004	 12050.000	  9440.000	    23.000	  5285.000	  1000.000	  5346.000	 50001.000	    61.000	     0.227
     0.003	 12150.000	  9520.000	    16.000	  5382.000	  1000.000	  5439.000	 50001.000	    57.000	     0.227
     0.003	 12250.000	  9600.000	    15.000	  5322.000	  1000.000	  5372.000	 50001.000	    50.000	     0.227
     0.003	 12350.000	  9680.000	    18.000	  5431.000	  1000.000	  5491.000	 50001.000	    60.000	     0.227
     0.004	 12450.000	  9760.000	    21.000	  5262.000	  1000.000	  5325.000	 50002.000	    63.000	     0.227
     0.004	 12550.000	  9840.000	    21.000	  5369.000	  1000.000	  5430.000	 50002.000	    61.000	     0.227
     0.006	 12650.000	  9920.000	    32.000	  5366.000	  1000.000	  5445.000	 50001.000	    79.000	     0.227
     0.005	 12750.000	 10000.000	    26.000	  5458.000	  1000.000	  5526.000	 50001.000	    68.000	     0.227
     0.004	 12850.000	 10080.000	    21.000	  5320.000	  1000.000	  5379.000	 50001.000	    59.000	     0.227
     0.003	 12950.000	 10160.000	    18.000	  5380.000	  1000.000	  5434.000	 50001.000	    54.000	     0.227
     0.004	 13050.000	 10240.000	    21.000	  5342.000	  1000.000	  5413.000	 50002.000	    71.000	     0.227
     0.004	 13150.000	 10320.000	    19.000	  5405.000	  1000.000	  5465.000	 50001.000	    60.000	     0.227
     0.003	 13250.000	 10400.000	    14.000	  5392.000	  1000.000	  5444.000	 50002.000	    52.000	     0.227
     0.005	 13350.000	 10480.000	    28.000	  5376.000	  1000.000	  5449.000	 50002.000	    73.000	     0.227
     0.003	 13450.000	 10560.000	    14.000	  5333.000	  1000.000	  5404.000	 50002.000	    71.000	     0.227
     0.003	 13550.000	 10640.000	    14.000	  5430.000	  1000.000	  5488.000	 50001.000	    58.000	     0.227
     0.006	 13650.000	 10720.000	    31.000	  5304.000	  1000.000	  5379.000	 50001.000	    75.000	     0.227
     0.004	 13750.000	 10800.000	    20.000	  5457.000	  1000.000	  5528.000	 50001.000	    71.000	     0.227
     0.004	 13850.000	 10880.000	    21.000	  5275.000	  1000.000	  5335.000	 50001.000	    60.000	     0.227
     0.003	 13950.000	 10960.000	    15.000	  5285.000	  1000.000	  5335.000	 50001.000	    50.000	     0.227
     0.002	 14050.000	 11040.000	    13.000	  5392.000	  1000.000	  5451.000	 50001.000	    59.000	     0.227
     0.002	 14150.000	 11120.000	     9.000	  5253.000	  1000.000	  5299.000	 50001.000	    46.000	     0.227
     0.002	 14250.000	 11200.000	    13.000	  5307.000	  1000.000	  5359.000	 50002.000	    52.000	     0.227
     0.003	 14350.000	 11280.000	    17.000	  5299.000	  1000.000	  5354.000	 50001.000	    55.000	     0.227
     0.004	 14450.000	 11360.000	    19.000	  5366.000	  1000.000	  5429.000	 50001.000	    63.000	     0.227
     0.004	 14550.000	 11440.000	    22.000	  5425.000	  1000.000	  5479.000	 50001.000	    54.000	     0.227
     0.003	 14650.000	 11520.000	    14.000	  5312.000	  1000.000	  5369.000	 50002.000	    57.000	     0.227
     0.002	 14750.000	 11600.000	    13.000	  5373.000	  1000.000	  5417.000	 50002.000	    44.000	     0.227
     0.003	 14850.000	 11680.000	    14.000	  5341.000	  1000.000	  5393.000	 50001.000	    52.000	     0.227
     0.003	 14950.000	 11760.000	    14.000	  5326.000	  1000.000	  5382.000	 50001.000	    56.000	     0.227
     0.004	 15050.000	 11840.000	    20.000	  5380.000	  1000.000	  5446.000	 50001.000	    66.000	     0.227
     0.003	 15150.000	 11920.000	    16.000	  5334.000	  1000.000	  5394.000	 50002.000	    60.000	     0.227
     0.004	 15250.000	 12000.000	    19.000	  5254.000	  1000.000	  5317.000	 50001.000	    63.000	     0.227
     0.003	 15350.000	 12080.000	    15.000	  5394.000	  1000.000	  5458.000	 50001.000	    64.000	     0.227
     0.002	 15450.000	 12160.000	     3.000	  1942.000	  1000.000	  1973.000	 50001.000	    31.000	     0.227
     0.003	 15550.000	 12240.000	    19.000	  5581.000	  1000.000	  5644.000	 50001.000	    63.000	     0.227
     0.003	 15650.000	 12320.000	    14.000	  5305.000	  1000.000	  5354.000	 50001.000	    49.000	     0.227
     0.003	 15750.000	 12400.000	    17.000	  5411.000	  1000.000	  5477.000	 50001.000	    66.000	     0.227
     0.003	 15850.000	 12480.000	    16.000	  5397.000	  1000.000	  5452.000	 50002.000	    55.000	     0.227
     0.002	 15950.000	 12560.000	    13.000	  5383.000	  1000.000	  5437.000	 50001.000	    54.000	     0.227
     0.001	 16050.000	 12640.000	     8.000	  5452.000	  1000.000	  5498.000	 50001.000	    46.000	     0.227
     0.003	 16150.000	 12720.000	    18.000	  5304.000	  1000.000	  5356.000	 50001.000	    52.000	     0.227
     0.004	 16250.000	 12800.000	    22.000	  5306.000	  1000.000	  5361.000	 50002.000	    55.000	     0.227
     0.002	 16350.000	 12880.000	     9.000	  5301.000	  1000.000	  5343.000	 50001.000	    42.000	     0.227
     0.003	 16450.000	 12960.000	    15.000	  5387.000	  1000.000	  5446.000	 50001.000	    59.000	     0.227
     0.003	 16550.000	 13040.000	    14.000	  5360.000	  1000.000	  5415.000	 50002.000	    55.000	     0.227
     0.002	 16650.000	 13120.000	    11.000	  5470.000	  1000.000	  5535.000	 50002.000	    65.000	     0.227
     0.002	 16750.000	 13200.000	    10.000	  5361.000	  1000.000	  5414.000	 50001.000	    53.000	     0.227
     0.004	 16850.000	 13280.000	    20.000	  5425.000	  1000.000	  5478.000	 50002.000	    53.000	     0.227
     0.002	 16950.000	 13360.000	    12.000	  5390.000	  1000.000	  5450.000	 50001.000	    60.000	     0.227
     0.003	 17050.000	 13440.000	    16.000	  5302.000	  1000.000	  5366.000	 50001.000	    64.000	     0.227
     0.003	 17150.000	 13520.000	    14.000	  5515.000	  1000.000	  5571.000	 50001.000	    56.000	     0.227
     0.001	 17250.000	 13600.000	     4.000	  5254.000	  1000.000	  5295.000	 50001.000	    41.000	     0.227
     0.004	 17350.000	 13680.000	    20.000	  5377.000	  1000.000	  5433.000	 50002.000	    56.000	     0.227
     0.001	 17450.000	 13760.000	     8.000	  5402.000	  1000.000	  5452.000	 50001.000	    50.000	     0.227
     0.002	 17550.000	 13840.000	    12.000	  5227.000	  1000.000	  5276.000	 50002.000	    49.000	     0.227
     0.002	 17650.000	 13920.000	    10.000	  5364.000	  1000.000	  5411.000	 50001.000	    47.000	     0.227
     0.004	 17750.000	 14000.000	    19.000	  5366.000	  1000.000	  5420.000	 50001.000	    54.000	     0.227
     0.003	 17850.000	 14080.000	    14.000	  5393.000	  1000.000	  5442.000	 50001.000	    49.000	     0.227
     0.003	 17950.000	 14160.000	    18.000	  5354.000	  1000.000	  5406.000	 50001.000	    52.000	     0.227
     0.003	 18050.000	 14240.000	    14.000	  5346.000	  1000.000	  5408.000	 50001.000	    62.000	     0.227
     0.004	 18150.000	 14320.000	    21.000	  5490.000	  1000.000	  5561.000	 50001.000	    71.000	     0.227
