         P           T(ns)       T(points)             N11         N10+N11  Exposition(ms)             Ch1             Ch2         N01+N11            Temp
     0.000	   850.000	   480.000	     0.000	  5313.000	  1000.000	  7509.000	 50001.000	  1253.000	     0.226
     0.003	   950.000	   560.000	    15.000	  5273.000	  1000.000	  7349.000	 50001.000	  2076.000	     0.226
     0.063	  1050.000	   640.000	   335.000	  5347.000	  1000.000	  7299.000	 50001.000	  1952.000	     0.226
     0.152	  1150.000	   720.000	   827.000	  5426.000	  1000.000	  7275.000	 50001.000	  1849.000	     0.226
     0.181	  1250.000	   800.000	   975.000	  5378.000	  1000.000	  7069.000	 50001.000	  1691.000	     0.226
     0.175	  1350.000	   880.000	   943.000	  5382.000	  1000.000	  6901.000	 50001.000	  1519.000	     0.226
     0.170	  1450.000	   960.000	   942.000	  5552.000	  1000.000	  6992.000	 50002.000	  1440.000	     0.226
     0.173	  1550.000	  1040.000	   931.000	  5391.000	  1000.000	  6793.000	 50001.000	  1402.000	     0.227
     0.153	  1650.000	  1120.000	   811.000	  5301.000	  1000.000	  6600.000	 50002.000	  1299.000	     0.227
     0.151	  1750.000	  1200.000	   809.000	  5374.000	  1000.000	  6596.000	 50001.000	  1222.000	     0.227
     0.136	  1850.000	  1280.000	   726.000	  5355.000	  1000.000	  6486.000	 50001.000	  1131.000	     0.227
     0.127	  1950.000	  1360.000	   680.000	  5371.000	  1000.000	  6410.000	 50001.000	  1039.000	     0.227
     0.117	  2050.000	  1440.000	   618.000	  5301.000	  1000.000	  6228.000	 50002.000	   927.000	     0.227
     0.110	  2150.000	  1520.000	   581.000	  5288.000	  1000.000	  6222.000	 50001.000	   934.000	     0.227
     0.106	  2250.000	  1600.000	   553.000	  5197.000	  1000.000	  6088.000	 50001.000	   891.000	     0.227
     0.104	  2350.000	  1680.000	   560.000	  5389.000	  1000.000	  6224.000	 50001.000	   835.000	     0.227
     0.097	  2450.000	  1760.000	   519.000	  5357.000	  1000.000	  6132.000	 50001.000	   775.000	     0.227
     0.089	  2550.000	  1840.000	   486.000	  5481.000	  1000.000	  6227.000	 50001.000	   746.000	     0.227
     0.085	  2650.000	  1920.000	   456.000	  5355.000	  1000.000	  6068.000	 50001.000	   713.000	     0.227
     0.076	  2750.000	  2000.000	   409.000	  5381.000	  1000.000	  6025.000	 50001.000	   644.000	     0.227
     0.076	  2850.000	  2080.000	   398.000	  5251.000	  1000.000	  5879.000	 50002.000	   628.000	     0.227
     0.071	  2950.000	  2160.000	   388.000	  5461.000	  1000.000	  6074.000	 50001.000	   613.000	     0.227
     0.061	  3050.000	  2240.000	   323.000	  5296.000	  1000.000	  5827.000	 50001.000	   531.000	     0.227
     0.062	  3150.000	  2320.000	   331.000	  5334.000	  1000.000	  5923.000	 50001.000	   589.000	     0.227
     0.063	  3250.000	  2400.000	   349.000	  5518.000	  1000.000	  6063.000	 50002.000	   545.000	     0.227
     0.061	  3350.000	  2480.000	   332.000	  5461.000	  1000.000	  5957.000	 50001.000	   496.000	     0.227
     0.053	  3450.000	  2560.000	   278.000	  5292.000	  1000.000	  5745.000	 50001.000	   453.000	     0.227
     0.051	  3550.000	  2640.000	   272.000	  5318.000	  1000.000	  5749.000	 50002.000	   431.000	     0.227
     0.050	  3650.000	  2720.000	   269.000	  5402.000	  1000.000	  5855.000	 50001.000	   453.000	     0.227
     0.051	  3750.000	  2800.000	   275.000	  5402.000	  1000.000	  5829.000	 50002.000	   427.000	     0.227
     0.042	  3850.000	  2880.000	   221.000	  5282.000	  1000.000	  5642.000	 50001.000	   360.000	     0.227
     0.043	  3950.000	  2960.000	   231.000	  5379.000	  1000.000	  5747.000	 50001.000	   368.000	     0.227
     0.039	  4050.000	  3040.000	   207.000	  5271.000	  1000.000	  5600.000	 50001.000	   329.000	     0.227
     0.037	  4150.000	  3120.000	   197.000	  5384.000	  1000.000	  5704.000	 50001.000	   320.000	     0.227
     0.034	  4250.000	  3200.000	   185.000	  5384.000	  1000.000	  5696.000	 50001.000	   312.000	     0.227
     0.039	  4350.000	  3280.000	   203.000	  5251.000	  1000.000	  5572.000	 50001.000	   321.000	     0.227
     0.031	  4450.000	  3360.000	   165.000	  5272.000	  1000.000	  5562.000	 50002.000	   290.000	     0.227
     0.033	  4550.000	  3440.000	   172.000	  5274.000	  1000.000	  5563.000	 50001.000	   289.000	     0.227
     0.025	  4650.000	  3520.000	   131.000	  5315.000	  1000.000	  5562.000	 50001.000	   247.000	     0.227
     0.028	  4750.000	  3600.000	   146.000	  5307.000	  1000.000	  5569.000	 50001.000	   262.000	     0.227
     0.029	  4850.000	  3680.000	   152.000	  5219.000	  1000.000	  5479.000	 50002.000	   260.000	     0.227
     0.026	  4950.000	  3760.000	   142.000	  5462.000	  1000.000	  5706.000	 50001.000	   244.000	     0.227
     0.020	  5050.000	  3840.000	   103.000	  5252.000	  1000.000	  5457.000	 50002.000	   205.000	     0.227
     0.022	  5150.000	  3920.000	   119.000	  5315.000	  1000.000	  5517.000	 50001.000	   202.000	     0.227
     0.025	  5250.000	  4000.000	   131.000	  5239.000	  1000.000	  5467.000	 50001.000	   228.000	     0.227
     0.022	  5350.000	  4080.000	   118.000	  5349.000	  1000.000	  5552.000	 50001.000	   203.000	     0.227
     0.020	  5450.000	  4160.000	   106.000	  5404.000	  1000.000	  5608.000	 50001.000	   204.000	     0.227
     0.020	  5550.000	  4240.000	   108.000	  5336.000	  1000.000	  5536.000	 50001.000	   200.000	     0.227
     0.016	  5650.000	  4320.000	    86.000	  5464.000	  1000.000	  5625.000	 50001.000	   161.000	     0.227
     0.018	  5750.000	  4400.000	    97.000	  5280.000	  1000.000	  5444.000	 50001.000	   164.000	     0.227
     0.019	  5850.000	  4480.000	   100.000	  5295.000	  1000.000	  5482.000	 50001.000	   187.000	     0.227
     0.016	  5950.000	  4560.000	    84.000	  5323.000	  1000.000	  5500.000	 50002.000	   177.000	     0.227
     0.018	  6050.000	  4640.000	    96.000	  5321.000	  1000.000	  5493.000	 50002.000	   172.000	     0.227
     0.018	  6150.000	  4720.000	    93.000	  5305.000	  1000.000	  5482.000	 50001.000	   177.000	     0.227
     0.017	  6250.000	  4800.000	    93.000	  5447.000	  1000.000	  5610.000	 50001.000	   163.000	     0.227
     0.012	  6350.000	  4880.000	    66.000	  5460.000	  1000.000	  5590.000	 50002.000	   130.000	     0.227
     0.015	  6450.000	  4960.000	    80.000	  5400.000	  1000.000	  5546.000	 50001.000	   146.000	     0.227
     0.015	  6550.000	  5040.000	    80.000	  5387.000	  1000.000	  5533.000	 50001.000	   146.000	     0.227
     0.015	  6650.000	  5120.000	    79.000	  5425.000	  1000.000	  5569.000	 50001.000	   144.000	     0.227
     0.011	  6750.000	  5200.000	    59.000	  5355.000	  1000.000	  5473.000	 50002.000	   118.000	     0.227
     0.013	  6850.000	  5280.000	    71.000	  5378.000	  1000.000	  5510.000	 50001.000	   132.000	     0.227
     0.014	  6950.000	  5360.000	    76.000	  5334.000	  1000.000	  5475.000	 50001.000	   141.000	     0.227
     0.013	  7050.000	  5440.000	    69.000	  5392.000	  1000.000	  5522.000	 50001.000	   130.000	     0.227
     0.011	  7150.000	  5520.000	    63.000	  5496.000	  1000.000	  5617.000	 50002.000	   121.000	     0.227
     0.012	  7250.000	  5600.000	    67.000	  5392.000	  1000.000	  5530.000	 50001.000	   138.000	     0.227
     0.010	  7350.000	  5680.000	    52.000	  5438.000	  1000.000	  5558.000	 50001.000	   120.000	     0.227
     0.011	  7450.000	  5760.000	    58.000	  5349.000	  1000.000	  5466.000	 50001.000	   117.000	     0.227
     0.011	  7550.000	  5840.000	    58.000	  5416.000	  1000.000	  5537.000	 50001.000	   121.000	     0.227
     0.010	  7650.000	  5920.000	    52.000	  5296.000	  1000.000	  5423.000	 50001.000	   127.000	     0.227
     0.009	  7750.000	  6000.000	    48.000	  5310.000	  1000.000	  5428.000	 50001.000	   118.000	     0.227
     0.010	  7850.000	  6080.000	    53.000	  5222.000	  1000.000	  5348.000	 50001.000	   126.000	     0.227
     0.007	  7950.000	  6160.000	    39.000	  5274.000	  1000.000	  5364.000	 50002.000	    90.000	     0.227
     0.009	  8050.000	  6240.000	    50.000	  5342.000	  1000.000	  5449.000	 50001.000	   107.000	     0.227
     0.008	  8150.000	  6320.000	    42.000	  5354.000	  1000.000	  5440.000	 50001.000	    86.000	     0.227
     0.008	  8250.000	  6400.000	    40.000	  5330.000	  1000.000	  5426.000	 50001.000	    96.000	     0.227
     0.007	  8350.000	  6480.000	    35.000	  5371.000	  1000.000	  5454.000	 50001.000	    83.000	     0.227
     0.007	  8450.000	  6560.000	    36.000	  5434.000	  1000.000	  5527.000	 50002.000	    93.000	     0.227
     0.007	  8550.000	  6640.000	    39.000	  5411.000	  1000.000	  5515.000	 50001.000	   104.000	     0.227
     0.009	  8650.000	  6720.000	    45.000	  5253.000	  1000.000	  5357.000	 50001.000	   104.000	     0.227
     0.007	  8750.000	  6800.000	    35.000	  5332.000	  1000.000	  5426.000	 50002.000	    94.000	     0.227
     0.009	  8850.000	  6880.000	    46.000	  5347.000	  1000.000	  5450.000	 50001.000	   103.000	     0.227
     0.007	  8950.000	  6960.000	    38.000	  5260.000	  1000.000	  5364.000	 50002.000	   104.000	     0.227
     0.006	  9050.000	  7040.000	    30.000	  5349.000	  1000.000	  5444.000	 50001.000	    95.000	     0.227
     0.008	  9150.000	  7120.000	    41.000	  5343.000	  1000.000	  5448.000	 50001.000	   105.000	     0.227
     0.009	  9250.000	  7200.000	    48.000	  5277.000	  1000.000	  5382.000	 50002.000	   105.000	     0.227
     0.005	  9350.000	  7280.000	    29.000	  5417.000	  1000.000	  5498.000	 50002.000	    81.000	     0.227
     0.006	  9450.000	  7360.000	    33.000	  5419.000	  1000.000	  5514.000	 50001.000	    95.000	     0.227
     0.006	  9550.000	  7440.000	    31.000	  5368.000	  1000.000	  5440.000	 50001.000	    72.000	     0.227
     0.008	  9650.000	  7520.000	    43.000	  5433.000	  1000.000	  5520.000	 50001.000	    87.000	     0.227
     0.005	  9750.000	  7600.000	    29.000	  5382.000	  1000.000	  5465.000	 50001.000	    83.000	     0.227
     0.005	  9850.000	  7680.000	    29.000	  5368.000	  1000.000	  5458.000	 50001.000	    90.000	     0.227
     0.005	  9950.000	  7760.000	    29.000	  5322.000	  1000.000	  5395.000	 50001.000	    73.000	     0.227
     0.005	 10050.000	  7840.000	     9.000	  1829.000	  1000.000	  1876.000	 50001.000	    47.000	     0.227
     0.004	 10150.000	  7920.000	    23.000	  5399.000	  1000.000	  5472.000	 50002.000	    73.000	     0.227
     0.005	 10250.000	  8000.000	    26.000	  5347.000	  1000.000	  5416.000	 50001.000	    69.000	     0.227
     0.005	 10350.000	  8080.000	    27.000	  5371.000	  1000.000	  5442.000	 50001.000	    71.000	     0.227
     0.006	 10450.000	  8160.000	    29.000	  5199.000	  1000.000	  5281.000	 50001.000	    82.000	     0.227
     0.007	 10550.000	  8240.000	    35.000	  5324.000	  1000.000	  5406.000	 50001.000	    82.000	     0.227
     0.004	 10650.000	  8320.000	    21.000	  5358.000	  1000.000	  5436.000	 50001.000	    78.000	     0.227
     0.005	 10750.000	  8400.000	    28.000	  5319.000	  1000.000	  5395.000	 50001.000	    76.000	     0.227
     0.005	 10850.000	  8480.000	    28.000	  5316.000	  1000.000	  5394.000	 50001.000	    78.000	     0.227
     0.005	 10950.000	  8560.000	    25.000	  5263.000	  1000.000	  5337.000	 50001.000	    74.000	     0.227
     0.004	 11050.000	  8640.000	    21.000	  5274.000	  1000.000	  5331.000	 50002.000	    57.000	     0.227
     0.005	 11150.000	  8720.000	    25.000	  5318.000	  1000.000	  5388.000	 50002.000	    70.000	     0.227
     0.004	 11250.000	  8800.000	    19.000	  5241.000	  1000.000	  5302.000	 50002.000	    61.000	     0.227
     0.004	 11350.000	  8880.000	    21.000	  5424.000	  1000.000	  5493.000	 50002.000	    69.000	     0.227
     0.004	 11450.000	  8960.000	    20.000	  5367.000	  1000.000	  5442.000	 50001.000	    75.000	     0.227
     0.003	 11550.000	  9040.000	    17.000	  5262.000	  1000.000	  5325.000	 50001.000	    63.000	     0.227
     0.005	 11650.000	  9120.000	    27.000	  5300.000	  1000.000	  5362.000	 50002.000	    62.000	     0.227
     0.004	 11750.000	  9200.000	    24.000	  5353.000	  1000.000	  5423.000	 50002.000	    70.000	     0.227
     0.004	 11850.000	  9280.000	    19.000	  5353.000	  1000.000	  5411.000	 50001.000	    58.000	     0.227
     0.003	 11950.000	  9360.000	    17.000	  5314.000	  1000.000	  5385.000	 50001.000	    71.000	     0.227
     0.003	 12050.000	  9440.000	    15.000	  5376.000	  1000.000	  5450.000	 50001.000	    74.000	     0.227
     0.003	 12150.000	  9520.000	    17.000	  5293.000	  1000.000	  5352.000	 50001.000	    59.000	     0.227
     0.004	 12250.000	  9600.000	    20.000	  5350.000	  1000.000	  5419.000	 50001.000	    69.000	     0.227
     0.003	 12350.000	  9680.000	    18.000	  5388.000	  1000.000	  5452.000	 50001.000	    64.000	     0.227
     0.003	 12450.000	  9760.000	    18.000	  5341.000	  1000.000	  5404.000	 50001.000	    63.000	     0.227
     0.004	 12550.000	  9840.000	    20.000	  5347.000	  1000.000	  5405.000	 50001.000	    58.000	     0.227
     0.004	 12650.000	  9920.000	    21.000	  5291.000	  1000.000	  5352.000	 50001.000	    61.000	     0.227
     0.004	 12750.000	 10000.000	    19.000	  5396.000	  1000.000	  5459.000	 50001.000	    63.000	     0.227
     0.004	 12850.000	 10080.000	    19.000	  5369.000	  1000.000	  5433.000	 50001.000	    64.000	     0.227
     0.004	 12950.000	 10160.000	    23.000	  5351.000	  1000.000	  5421.000	 50001.000	    70.000	     0.227
     0.005	 13050.000	 10240.000	    28.000	  5291.000	  1000.000	  5357.000	 50001.000	    66.000	     0.227
     0.004	 13150.000	 10320.000	    20.000	  5330.000	  1000.000	  5397.000	 50002.000	    67.000	     0.227
     0.004	 13250.000	 10400.000	    21.000	  5377.000	  1000.000	  5442.000	 50001.000	    65.000	     0.227
     0.005	 13350.000	 10480.000	    27.000	  5487.000	  1000.000	  5562.000	 50001.000	    75.000	     0.227
     0.004	 13450.000	 10560.000	    20.000	  5221.000	  1000.000	  5298.000	 50001.000	    77.000	     0.227
     0.005	 13550.000	 10640.000	    28.000	  5427.000	  1000.000	  5497.000	 50002.000	    70.000	     0.227
     0.003	 13650.000	 10720.000	    15.000	  5281.000	  1000.000	  5348.000	 50002.000	    67.000	     0.227
     0.003	 13750.000	 10800.000	    18.000	  5383.000	  1000.000	  5444.000	 50001.000	    61.000	     0.227
     0.003	 13850.000	 10880.000	    17.000	  5280.000	  1000.000	  5343.000	 50001.000	    63.000	     0.227
     0.004	 13950.000	 10960.000	    19.000	  5365.000	  1000.000	  5421.000	 50001.000	    56.000	     0.227
     0.003	 14050.000	 11040.000	    18.000	  5358.000	  1000.000	  5410.000	 50001.000	    52.000	     0.227
     0.004	 14150.000	 11120.000	    21.000	  5325.000	  1000.000	  5394.000	 50001.000	    69.000	     0.227
     0.003	 14250.000	 11200.000	    15.000	  5365.000	  1000.000	  5426.000	 50001.000	    61.000	     0.227
     0.004	 14350.000	 11280.000	    20.000	  5427.000	  1000.000	  5493.000	 50001.000	    66.000	     0.227
     0.002	 14450.000	 11360.000	    12.000	  5347.000	  1000.000	  5402.000	 50002.000	    55.000	     0.227
     0.003	 14550.000	 11440.000	    16.000	  5449.000	  1000.000	  5505.000	 50001.000	    56.000	     0.227
     0.003	 14650.000	 11520.000	    14.000	  5326.000	  1000.000	  5381.000	 50001.000	    55.000	     0.227
     0.003	 14750.000	 11600.000	    18.000	  5352.000	  1000.000	  5412.000	 50002.000	    60.000	     0.227
     0.004	 14850.000	 11680.000	    19.000	  5427.000	  1000.000	  5491.000	 50002.000	    64.000	     0.227
     0.003	 14950.000	 11760.000	    15.000	  5349.000	  1000.000	  5417.000	 50001.000	    68.000	     0.227
     0.003	 15050.000	 11840.000	    15.000	  5261.000	  1000.000	  5320.000	 50002.000	    59.000	     0.227
     0.004	 15150.000	 11920.000	    21.000	  5337.000	  1000.000	  5391.000	 50001.000	    54.000	     0.227
     0.002	 15250.000	 12000.000	    13.000	  5400.000	  1000.000	  5447.000	 50002.000	    47.000	     0.227
     0.003	 15350.000	 12080.000	    15.000	  5306.000	  1000.000	  5363.000	 50001.000	    57.000	     0.227
     0.003	 15450.000	 12160.000	    17.000	  5374.000	  1000.000	  5438.000	 50001.000	    64.000	     0.227
     0.002	 15550.000	 12240.000	    10.000	  5350.000	  1000.000	  5404.000	 50002.000	    54.000	     0.227
     0.004	 15650.000	 12320.000	    21.000	  5421.000	  1000.000	  5491.000	 50001.000	    70.000	     0.227
     0.002	 15750.000	 12400.000	    13.000	  5287.000	  1000.000	  5348.000	 50001.000	    61.000	     0.227
     0.003	 15850.000	 12480.000	    18.000	  5343.000	  1000.000	  5388.000	 50002.000	    45.000	     0.227
     0.003	 15950.000	 12560.000	    15.000	  5330.000	  1000.000	  5383.000	 50001.000	    53.000	     0.227
     0.003	 16050.000	 12640.000	    17.000	  5411.000	  1000.000	  5469.000	 50001.000	    58.000	     0.227
     0.002	 16150.000	 12720.000	    10.000	  5410.000	  1000.000	  5465.000	 50002.000	    55.000	     0.227
     0.003	 16250.000	 12800.000	    16.000	  5452.000	  1000.000	  5507.000	 50001.000	    55.000	     0.227
     0.002	 16350.000	 12880.000	    12.000	  5416.000	  1000.000	  5468.000	 50001.000	    52.000	     0.227
     0.003	 16450.000	 12960.000	    15.000	  5297.000	  1000.000	  5360.000	 50001.000	    63.000	     0.227
     0.002	 16550.000	 13040.000	    12.000	  5507.000	  1000.000	  5555.000	 50001.000	    48.000	     0.227
     0.002	 16650.000	 13120.000	    12.000	  5228.000	  1000.000	  5286.000	 50001.000	    58.000	     0.227
     0.004	 16750.000	 13200.000	    20.000	  5343.000	  1000.000	  5396.000	 50001.000	    53.000	     0.227
     0.003	 16850.000	 13280.000	    15.000	  5349.000	  1000.000	  5406.000	 50001.000	    57.000	     0.227
     0.003	 16950.000	 13360.000	    15.000	  5381.000	  1000.000	  5428.000	 50001.000	    47.000	     0.227
     0.002	 17050.000	 13440.000	    10.000	  5267.000	  1000.000	  5317.000	 50001.000	    50.000	     0.227
     0.002	 17150.000	 13520.000	    12.000	  5462.000	  1000.000	  5514.000	 50002.000	    52.000	     0.227
     0.003	 17250.000	 13600.000	    19.000	  5439.000	  1000.000	  5497.000	 50001.000	    58.000	     0.227
     0.003	 17350.000	 13680.000	    15.000	  5373.000	  1000.000	  5426.000	 50001.000	    53.000	     0.227
     0.003	 17450.000	 13760.000	    16.000	  5446.000	  1000.000	  5491.000	 50001.000	    45.000	     0.227
     0.003	 17550.000	 13840.000	    16.000	  5313.000	  1000.000	  5363.000	 50001.000	    50.000	     0.227
     0.003	 17650.000	 13920.000	    14.000	  5263.000	  1000.000	  5303.000	 50001.000	    40.000	     0.227
     0.002	 17750.000	 14000.000	    12.000	  5380.000	  1000.000	  5439.000	 50001.000	    59.000	     0.227
     0.002	 17850.000	 14080.000	    13.000	  5314.000	  1000.000	  5360.000	 50001.000	    46.000	     0.227
     0.002	 17950.000	 14160.000	    12.000	  5374.000	  1000.000	  5423.000	 50001.000	    49.000	     0.227
     0.002	 18050.000	 14240.000	    12.000	  5412.000	  1000.000	  5459.000	 50002.000	    47.000	     0.227
     0.003	 18150.000	 14320.000	    17.000	  5332.000	  1000.000	  5393.000	 50002.000	    61.000	     0.227
