P			T(ns)		T(точки)	n		N		Exposition(ms)	Ch1		Ch2		SS
0.28340049563166586	850.000		480.000		1000.000	3290.000	580.000		4819.000	29031.000	1529.000
0.2740025503837201	950.000		560.000		1000.000	3432.000	611.000		4904.000	30601.000	1472.000
0.2592351245351711	1050.000	640.000		1000.000	3637.000	661.000		5100.000	33096.000	1463.000
0.22620146199866142	1150.000	720.000		1000.000	4142.000	730.000		5635.000	36517.000	1493.000
0.2268155747397067	1250.000	800.000		1000.000	4158.000	730.000		5601.000	36530.000	1443.000
0.2005879066242458	1350.000	880.000		1000.000	4676.000	844.000		6174.000	42204.000	1498.000
0.20435901978889473	1450.000	960.000		1000.000	4628.000	823.000		6056.000	41156.000	1428.000
0.1897867584193667	1550.000	1040.000	1000.000	4962.000	894.000		6429.000	44724.000	1467.000
0.1748434409789925	1650.000	1120.000	1000.000	5375.000	941.000		6842.000	47060.000	1467.000
0.16236443241139525	1750.000	1200.000	1000.000	5748.000	1043.000	7287.000	52177.000	1539.000
0.1598541678006176	1850.000	1280.000	1000.000	5911.000	1066.000	7353.000	53326.000	1442.000
0.1585339999569595	1950.000	1360.000	1000.000	5960.000	1042.000	7387.000	52116.000	1427.000
0.14725385542902272	2050.000	1440.000	1000.000	6408.000	1139.000	7853.000	56970.000	1445.000
0.13669143321667715	2150.000	1520.000	1000.000	6888.000	1226.000	8350.000	61314.000	1462.000
0.12335772324149219	2250.000	1600.000	1000.000	7609.000	1352.000	9093.000	67617.000	1484.000
0.11842070764726317	2350.000	1680.000	1000.000	7911.000	1410.000	9411.000	70524.000	1500.000
0.11413202046477362	2450.000	1760.000	1000.000	8252.000	1495.000	9721.000	74770.000	1469.000
0.11211797714556818	2550.000	1840.000	1000.000	8391.000	1522.000	9869.000	76122.000	1478.000
0.1028023594156478	2650.000	1920.000	1000.000	9134.000	1623.000	10615.000	81154.000	1481.000
0.10235954258235148	2750.000	2000.000	1000.000	9177.000	1651.000	10662.000	82567.000	1485.000
0.1012132392983441	2850.000	2080.000	1000.000	9312.000	1676.000	10772.000	83805.000	1460.000
0.08921812492442287	2950.000	2160.000	1000.000	10484.000	1883.000	12000.000	94178.000	1516.000
0.08039504793128113	3050.000	2240.000	1000.000	11593.000	2087.000	13137.000	104364.000	1544.000
0.08213256786206637	3150.000	2320.000	1000.000	11397.000	2046.000	12907.000	102309.000	1510.000
0.07832708864656472	3250.000	2400.000	1000.000	12000.000	2145.000	13477.000	107281.000	1477.000
0.07374853501662275	3350.000	2480.000	1000.000	12687.000	2264.000	14197.000	113233.000	1510.000
0.07075408043687241	3450.000	2560.000	1000.000	13161.000	2367.000	14711.000	118364.000	1550.000
0.06958371880177011	3550.000	2640.000	1000.000	13482.000	2413.000	14974.000	120689.000	1492.000
0.06450701674374101	3650.000	2720.000	1000.000	14499.000	2633.000	16022.000	131678.000	1523.000
0.063720552329846	3750.000	2800.000	1000.000	14668.000	2627.000	16188.000	131389.000	1520.000
0.05898659003089399	3850.000	2880.000	1000.000	15745.000	2851.000	17319.000	142578.000	1574.000
0.05866184717885048	3950.000	2960.000	1000.000	15927.000	2825.000	17444.000	141272.000	1517.000
0.051512752282444264	4050.000	3040.000	1000.000	17987.000	3259.000	19579.000	162980.000	1592.000
0.05298210810557274	4150.000	3120.000	1000.000	17615.000	3166.000	19162.000	158334.000	1533.000
0.04906658172713885	4250.000	3200.000	1000.000	18918.000	3394.000	20490.000	169717.000	1572.000
0.04715124962685053	4350.000	3280.000	1000.000	19713.000	3553.000	21278.000	177680.000	1565.000
0.04675634411380027	4450.000	3360.000	1000.000	19925.000	3545.000	21465.000	177274.000	1540.000
0.04414504960568849	4550.000	3440.000	1000.000	21067.000	3804.000	22629.000	190214.000	1562.000
0.042061702737228264	4650.000	3520.000	1000.000	22050.000	3979.000	23632.000	198962.000	1582.000
0.0371561347401769	4750.000	3600.000	1000.000	24796.000	4529.000	26436.000	226501.000	1640.000
0.03794977722143637	4850.000	3680.000	1000.000	24321.000	4395.000	25940.000	219777.000	1619.000
0.03604011143548015	4950.000	3760.000	1000.000	25485.000	4630.000	27144.000	231509.000	1659.000
0.03445894492421284	5050.000	3840.000	1000.000	26842.000	4835.000	28443.000	241784.000	1601.000
0.033279925474226334	5150.000	3920.000	1000.000	27788.000	5033.000	29394.000	251666.000	1606.000
0.03334858183532707	5250.000	4000.000	1000.000	27716.000	4983.000	29321.000	249193.000	1605.000
0.029593927220488748	5350.000	4080.000	1000.000	30753.000	5520.000	32470.000	276030.000	1717.000
0.029289387402378294	5450.000	4160.000	1000.000	31267.000	5615.000	32939.000	280783.000	1672.000
0.0287540623975573	5550.000	4240.000	1000.000	31976.000	5767.000	33622.000	288387.000	1646.000
0.02774062933107419	5650.000	4320.000	1000.000	33066.000	5985.000	34732.000	299262.000	1666.000
0.024449642839186797	5750.000	4400.000	1000.000	37259.000	6754.000	38977.000	337739.000	1718.000
0.02327067245782539	5850.000	4480.000	1000.000	39063.000	7067.000	40795.000	353361.000	1732.000
0.023905552761777638	5950.000	4560.000	1000.000	38189.000	6921.000	39891.000	346084.000	1702.000
0.02331848131349534	6050.000	4640.000	1000.000	39176.000	7062.000	40869.000	353127.000	1693.000
0.02342688684189076	6150.000	4720.000	1000.000	39143.000	7111.000	40814.000	355583.000	1671.000
0.02183139124273123	6250.000	4800.000	1000.000	41530.000	7513.000	43281.000	375666.000	1751.000
0.0210694689412087	6350.000	4880.000	1000.000	43302.000	7861.000	45010.000	393078.000	1708.000
0.018828309259757533	6450.000	4960.000	1000.000	47665.000	8724.000	49501.000	436241.000	1836.000
0.02017232464824675	6550.000	5040.000	1000.000	45103.000	8144.000	46827.000	407257.000	1724.000
0.017618210816067802	6650.000	5120.000	1000.000	50576.000	9191.000	52457.000	459580.000	1881.000
0.017463811473640165	6750.000	5200.000	1000.000	51547.000	9357.000	53353.000	467878.000	1806.000
0.01809687150619366	6850.000	5280.000	1000.000	50132.000	9162.000	51887.000	458137.000	1755.000
0.016772705811493687	6950.000	5360.000	1000.000	53653.000	9713.000	55459.000	485690.000	1806.000
0.015483670271656681	7050.000	5440.000	1000.000	57732.000	10470.000	59588.000	523520.000	1856.000
0.01583957443368266	7150.000	5520.000	1000.000	56459.000	10293.000	58317.000	514696.000	1858.000
0.013942306222987652	7250.000	5600.000	1000.000	63535.000	11553.000	65459.000	577711.000	1924.000
0.013880464223414364	7350.000	5680.000	1000.000	63721.000	11621.000	65659.000	581110.000	1938.000
0.013732331754855014	7450.000	5760.000	1000.000	64351.000	11732.000	66295.000	586636.000	1944.000
0.013710635233314186	7550.000	5840.000	1000.000	64799.000	11727.000	66697.000	586376.000	1898.000
0.013247504197010514	7650.000	5920.000	1000.000	67083.000	12188.000	68983.000	609447.000	1900.000
0.012580344354355412	7750.000	6000.000	1000.000	70471.000	12788.000	72387.000	639454.000	1916.000
0.012712806457934524	7850.000	6080.000	1000.000	69608.000	12605.000	71535.000	630285.000	1927.000
0.011704220973546127	7950.000	6160.000	1000.000	74984.000	13656.000	76976.000	682843.000	1992.000
0.011679657474225998	8050.000	6240.000	1000.000	75410.000	13701.000	77374.000	685080.000	1964.000
0.010548347799120717	8150.000	6320.000	1000.000	82751.000	15026.000	84778.000	751328.000	2027.000
0.011000805697505977	8250.000	6400.000	1000.000	79661.000	14502.000	81663.000	725118.000	2002.000
0.009838442370785313	8350.000	6480.000	1000.000	87090.000	15926.000	89256.000	796365.000	2166.000
0.009768919641747292	8450.000	6560.000	1000.000	88578.000	16094.000	90667.000	804759.000	2089.000
0.009226090799774336	8550.000	6640.000	1000.000	94118.000	17122.000	96184.000	856162.000	2066.000
0.009324695842914376	8650.000	6720.000	1000.000	92540.000	16876.000	94653.000	843835.000	2113.000
0.009251481257852816	8750.000	6800.000	1000.000	94046.000	17022.000	96092.000	851132.000	2046.000
0.008054144053146535	8850.000	6880.000	1000.000	104661.000	19020.000	106974.000	951038.000	2270.000
0.008706883526532004	8950.000	6960.000	1000.000	99863.000	18157.000	101919.000	907922.000	2056.000
0.008283183080471953	9050.000	7040.000	1000.000	104757.000	19089.000	106830.000	954511.000	2073.000
0.00782968192892021	9150.000	7120.000	1000.000	108620.000	19793.000	110833.000	989696.000	2213.000
0.007760536759849353	9250.000	7200.000	1000.000	109511.000	19899.000	111730.000	995018.000	2214.000
0.007219560584151635	9350.000	7280.000	1000.000	117266.000	21258.000	119521.000	1062941.000	2237.000
0.0069488375519062735	9450.000	7360.000	1000.000	120632.000	21937.000	122941.000	1096888.000	2309.000
0.006830259497525904	9550.000	7440.000	1000.000	121767.000	22143.000	124129.000	1107191.000	2362.000
0.006788932472771663	9650.000	7520.000	1000.000	123343.000	22336.000	125654.000	1116866.000	2310.000
0.00662619322961451	9750.000	7600.000	1000.000	126626.000	23049.000	128930.000	1152526.000	2304.000
0.006381717720944814	9850.000	7680.000	1000.000	130751.000	23792.000	133092.000	1189652.000	2341.000
0.006534089732613384	9950.000	7760.000	1000.000	128402.000	23429.000	130710.000	1171505.000	2308.000
0.006190102900461216	10050.000	7840.000	1000.000	134217.000	24436.000	136594.000	1221865.000	2371.000
0.006174963539376968	10150.000	7920.000	1000.000	135262.000	24574.000	137594.000	1228772.000	2332.000
0.005909633846002258	10250.000	8000.000	1000.000	141156.000	25517.000	143489.000	1275888.000	2333.000
0.005493264775795338	10350.000	8080.000	1000.000	147956.000	26822.000	150466.000	1341159.000	2510.000
0.005444958831375531	10450.000	8160.000	1000.000	149571.000	27361.000	152083.000	1368111.000	2512.000
0.00651926249029827	10550.000	8240.000	1000.000	139388.000	70821.000	142616.000	3541142.000	3228.000
0.005273106779611334	10650.000	8320.000	1000.000	154208.000	27925.000	156713.000	1396325.000	2505.000
0.004965769887380404	10750.000	8400.000	1000.000	162324.000	29544.000	164895.000	1477245.000	2571.000
0.005087086042232001	10850.000	8480.000	1000.000	157652.000	28661.000	160254.000	1433131.000	2602.000
0.005086761012340368	10950.000	8560.000	1000.000	160064.000	28977.000	162560.000	1448897.000	2496.000
0.004855438364612885	11050.000	8640.000	1000.000	164785.000	30003.000	167405.000	1500234.000	2620.000
0.00476221798977102	11150.000	8720.000	1000.000	169568.000	30718.000	172119.000	1535942.000	2551.000
0.0043655789408750855	11250.000	8800.000	1000.000	182079.000	33004.000	184733.000	1650288.000	2654.000
0.004776395153630868	11350.000	8880.000	1000.000	170039.000	30921.000	172559.000	1546092.000	2520.000
0.004619100880145702	11450.000	8960.000	1000.000	174409.000	31696.000	177010.000	1584846.000	2572.000
0.004432711613230116	11550.000	9040.000	1000.000	180578.000	32857.000	183194.000	1642940.000	2616.000
0.00400089863766354	11650.000	9120.000	1000.000	194386.000	35369.000	197199.000	1768494.000	2800.000
0.004009535702250588	11750.000	9200.000	1000.000	193983.000	35444.000	196791.000	1772257.000	2808.000
0.004344413358041018	11850.000	9280.000	1000.000	182753.000	33154.000	185488.000	1657759.000	2663.000
0.004186567742812531	11950.000	9360.000	1000.000	190826.000	34713.000	193464.000	1735699.000	2628.000
0.0038988230688741794	12050.000	9440.000	1000.000	200771.000	36584.000	203533.000	1829273.000	2762.000
0.0036881606875077202	12150.000	9520.000	1000.000	208952.000	38051.000	211811.000	1902605.000	2859.000
0.0035518694775351967	12250.000	9600.000	1000.000	215023.000	39155.000	217938.000	1957840.000	2915.000
0.0034793657549182996	12350.000	9680.000	1000.000	220410.000	40166.000	223301.000	2008364.000	2891.000
0.003376593877011984	12450.000	9760.000	1000.000	223913.000	40863.000	226895.000	2043219.000	2982.000
0.0034131977987247875	12550.000	9840.000	1000.000	223043.000	40657.000	225980.000	2032913.000	2937.000
0.0033473660626424204	12650.000	9920.000	1000.000	227173.000	41467.000	230120.000	2073431.000	2947.000
0.0030809156450100645	12750.000	10000.000	1000.000	242010.000	44053.000	245071.000	2202729.000	3061.000
0.003134642931417986	12850.000	10080.000	1000.000	236774.000	43107.000	239863.000	2155411.000	3089.000
0.0031906783011675446	12950.000	10160.000	1000.000	234468.000	42778.000	237514.000	2138971.000	3046.000
0.0031813496298480036	13050.000	10240.000	1000.000	236085.000	43130.000	239110.000	2156585.000	3025.000
0.0031889450043111217	13150.000	10320.000	1000.000	236301.000	43231.000	239309.000	2161617.000	3008.000
0.0031994972991225864	13250.000	10400.000	1000.000	237319.000	43316.000	240275.000	2165856.000	2956.000
0.0029420025722241587	13350.000	10480.000	1000.000	250668.000	45839.000	253806.000	2292034.000	3138.000
0.003082837263300909	13450.000	10560.000	1000.000	243480.000	44428.000	246506.000	2221462.000	3026.000
0.0030789124220871366	13550.000	10640.000	1000.000	244480.000	44556.000	247486.000	2227866.000	3006.000
0.002699382930364824	13650.000	10720.000	1000.000	268946.000	48917.000	272164.000	2445941.000	3218.000
0.002793746654136544	13750.000	10800.000	1000.000	264594.000	48248.000	267711.000	2412462.000	3117.000
0.002772294168038265	13850.000	10880.000	1000.000	265956.000	48548.000	269091.000	2427486.000	3135.000
0.002655488511424714	13950.000	10960.000	1000.000	275286.000	50065.000	278463.000	2503314.000	3177.000
0.00255531042178612	14050.000	11040.000	1000.000	277161.000	50550.000	280530.000	2527563.000	3369.000
0.002593809752389425	14150.000	11120.000	1000.000	280662.000	51237.000	283873.000	2561937.000	3211.000
0.0027031209878045502	14250.000	11200.000	1000.000	272074.000	49580.000	275220.000	2479099.000	3146.000
0.002561094856157271	14350.000	11280.000	1000.000	278473.000	50814.000	281803.000	2540790.000	3330.000
0.0026576613016263528	14450.000	11360.000	1000.000	271862.000	49406.000	275106.000	2470406.000	3244.000
0.0026001749533157387	14550.000	11440.000	1000.000	277934.000	50516.000	281177.000	2525876.000	3243.000
0.0023710967719071567	14650.000	11520.000	1000.000	295073.000	53861.000	298514.000	2693159.000	3441.000
0.0025259502264268602	14750.000	11600.000	1000.000	286009.000	52171.000	289263.000	2608659.000	3254.000
0.002410953971380455	14850.000	11680.000	1000.000	297938.000	54294.000	301223.000	2714779.000	3285.000
0.0024919403794962628	14950.000	11760.000	1000.000	287996.000	52497.000	291288.000	2624964.000	3291.000
0.002409754236681715	15050.000	11840.000	1000.000	293195.000	53517.000	296580.000	2675943.000	3385.000
0.0023047383808017436	15150.000	11920.000	1000.000	305740.000	55843.000	309142.000	2792245.000	3402.000
0.0021590496389691065	15250.000	12000.000	1000.000	321011.000	58546.000	324503.000	2927410.000	3492.000
0.0022882003150376	15350.000	12080.000	1000.000	305655.000	55935.000	309105.000	2796854.000	3450.000
0.00217240480027727	15450.000	12160.000	1000.000	317447.000	57956.000	320970.000	2897921.000	3523.000
0.0023480498474384858	15550.000	12240.000	1000.000	302026.000	55181.000	305392.000	2759127.000	3366.000
0.002082974572248895	15650.000	12320.000	1000.000	326388.000	59642.000	329993.000	2982211.000	3605.000
0.0023305774938845386	15750.000	12400.000	1000.000	303065.000	55201.000	306446.000	2760124.000	3381.000
0.0020617131029508637	15850.000	12480.000	1000.000	330582.000	60386.000	334186.000	3019382.000	3590.000
0.0021085977398288343	15950.000	12560.000	1000.000	327227.000	59742.000	330747.000	2987181.000	3520.000
0.002223103904579177	16050.000	12640.000	1000.000	314058.000	57225.000	317506.000	2861348.000	3448.000
0.00205588300161188	16150.000	12720.000	1000.000	332562.000	60735.000	336134.000	3036870.000	3572.000
0.0019576938239628675	16250.000	12800.000	1000.000	347139.000	63496.000	350749.000	3174885.000	3610.000
0.00197416536908087	16350.000	12880.000	1000.000	342039.000	62385.000	345676.000	3119355.000	3637.000
0.002096262690657243	16450.000	12960.000	1000.000	329391.000	60159.000	332908.000	3008068.000	3517.000
0.001987194990662347	16550.000	13040.000	1000.000	338153.000	61480.000	341807.000	3074105.000	3654.000
0.0019840972297141025	16650.000	13120.000	1000.000	341299.000	62243.000	344920.000	3112249.000	3621.000
0.0018082602103598336	16750.000	13200.000	1000.000	363549.000	66246.000	367328.000	3312401.000	3779.000
0.0020454095275991373	16850.000	13280.000	1000.000	337657.000	61631.000	341174.000	3081672.000	3514.000
0.0018694525555847236	16950.000	13360.000	1000.000	361543.000	65747.000	365173.000	3287463.000	3623.000
0.0017651904508876341	17050.000	13440.000	1000.000	367813.000	67171.000	371665.000	3358640.000	3852.000
0.0018355269311991103	17150.000	13520.000	1000.000	362598.000	66251.000	366319.000	3312677.000	3721.000
0.0019876588826383073	17250.000	13600.000	1000.000	343296.000	62674.000	346878.000	3133805.000	3582.000
0.0018247132089041422	17350.000	13680.000	1000.000	363818.000	66436.000	367551.000	3321886.000	3733.000
0.001853945782993661	17450.000	13760.000	1000.000	357332.000	65181.000	361080.000	3259175.000	3741.000
0.001729688585627953	17550.000	13840.000	1000.000	379127.000	69126.000	382921.000	3456389.000	3794.000
0.0018082369865914905	17650.000	13920.000	1000.000	364614.000	66323.000	368372.000	3316274.000	3758.000
0.0017476869051545497	17750.000	14000.000	1000.000	376992.000	68761.000	380762.000	3438140.000	3770.000
0.001823970676029725	17850.000	14080.000	1000.000	364638.000	66410.000	368353.000	3320624.000	3715.000
0.00170836336551831	17950.000	14160.000	1000.000	378458.000	69263.000	382339.000	3463246.000	3881.000
0.0017783521563998804	18050.000	14240.000	1000.000	369199.000	67261.000	372984.000	3363133.000	3785.000
0.0017939141614035498	18150.000	14320.000	1000.000	367346.000	66937.000	371112.000	3346938.000	3766.000
