P			T(ns)		T(точки)	n	N		Exposition(ms)	Ch1		Ch2		SS	Temp
0.1765369504106519	850.000		480.000		100.000	526.000		120.000		701.000		6050.000	175.000	0.230
0.19021565973815668	950.000		560.000		100.000	502.000		119.000		651.000		5954.000	149.000	0.230
0.1530297506126961	1050.000	640.000		100.000	616.000		145.000		778.000		7277.000	162.000	0.229
0.16043843242813166	1150.000	720.000		100.000	596.000		131.000		740.000		6585.000	144.000	0.229
0.1589943650658927	1250.000	800.000		100.000	596.000		141.000		753.000		7080.000	157.000	0.229
0.1190787512044468	1350.000	880.000		100.000	779.000		179.000		955.000		8959.000	176.000	0.229
0.12699184316164672	1450.000	960.000		100.000	753.000		173.000		899.000		8670.000	146.000	0.229
0.10846231045459535	1550.000	1040.000	100.000	870.000		193.000		1027.000	9666.000	157.000	0.229
0.08892530886575692	1650.000	1120.000	100.000	1043.000	242.000		1220.000	12119.000	177.000	0.229
0.07705026046188107	1750.000	1200.000	100.000	1201.000	271.000		1378.000	13593.000	177.000	0.229
0.07176889378903087	1850.000	1280.000	100.000	1291.000	289.000		1466.000	14471.000	175.000	0.229
0.07714801119084004	1950.000	1360.000	100.000	1212.000	277.000		1380.000	13898.000	168.000	0.229
0.08002032294028166	2050.000	1440.000	100.000	1193.000	271.000		1340.000	13555.000	147.000	0.229
0.06442751147345038	2150.000	1520.000	100.000	1435.000	325.000		1613.000	16267.000	178.000	0.229
0.07856326219766607	2250.000	1600.000	100.000	1214.000	271.000		1361.000	13553.000	147.000	0.229
0.06850753143056022	2350.000	1680.000	100.000	1367.000	315.000		1534.000	15790.000	167.000	0.229
0.05286587305145353	2450.000	1760.000	100.000	1786.000	406.000		1944.000	20345.000	158.000	0.229
0.05625677522139044	2550.000	1840.000	100.000	1690.000	404.000		1844.000	20216.000	154.000	0.229
0.04664580104126573	2650.000	1920.000	100.000	2001.000	460.000		2171.000	23027.000	170.000	0.229
0.04626358811583815	2750.000	2000.000	100.000	2040.000	454.000		2197.000	22722.000	157.000	0.229
0.039230260457962955	2850.000	2080.000	100.000	2396.000	550.000		2559.000	27536.000	163.000	0.229
0.03355095368649062	2950.000	2160.000	100.000	2726.000	629.000		2916.000	31454.000	190.000	0.229
0.033567087749597255	3050.000	2240.000	100.000	2730.000	622.000		2917.000	31134.000	187.000	0.229
0.02777713622956657	3150.000	2320.000	100.000	3328.000	753.000		3506.000	37675.000	178.000	0.229
0.03015507079057427	3250.000	2400.000	100.000	3075.000	737.000		3255.000	36898.000	180.000	0.229
0.033517846447011605	3350.000	2480.000	100.000	2767.000	627.000		2942.000	31367.000	175.000	0.229
0.023666064061968712	3450.000	2560.000	100.000	3864.000	863.000		4051.000	43162.000	187.000	0.229
0.024778602037715786	3550.000	2640.000	100.000	3684.000	834.000		3874.000	41726.000	190.000	0.229
0.029768104496317255	3650.000	2720.000	100.000	3194.000	725.000		3345.000	36298.000	151.000	0.229
0.022157680762610096	3750.000	2800.000	100.000	4094.000	945.000		4292.000	47298.000	198.000	0.229
0.02788382482951297	3850.000	2880.000	100.000	3382.000	791.000		3543.000	39595.000	161.000	0.229
0.019583846348106313	3950.000	2960.000	100.000	4652.000	1055.000	4844.000	52762.000	192.000	0.229
0.018587951412764786	4050.000	3040.000	100.000	4944.000	1136.000	5129.000	56818.000	185.000	0.229
0.022090757647655595	4150.000	3120.000	100.000	4194.000	962.000		4371.000	48123.000	177.000	0.230
0.014868593106684376	4250.000	3200.000	100.000	6114.000	1413.000	6310.000	70660.000	196.000	0.230
0.015273621406241299	4350.000	3280.000	100.000	5931.000	1353.000	6129.000	67685.000	198.000	0.230
0.014471310553099434	4450.000	3360.000	100.000	6290.000	1457.000	6485.000	72866.000	195.000	0.230
0.013558544925891617	4550.000	3440.000	100.000	6668.000	1523.000	6868.000	76187.000	200.000	0.230
0.012825792813809602	4650.000	3520.000	100.000	6907.000	1578.000	7126.000	78929.000	219.000	0.230
0.01359690221309825	4750.000	3600.000	100.000	6539.000	1498.000	6755.000	74937.000	216.000	0.230
0.01061796058288682	4850.000	3680.000	100.000	8331.000	1942.000	8554.000	97114.000	223.000	0.230
0.010509392785767527	4950.000	3760.000	100.000	8514.000	1934.000	8723.000	96704.000	209.000	0.230
0.01009771407523528	5050.000	3840.000	100.000	8743.000	1980.000	8964.000	99041.000	221.000	0.230
0.009770864866340885	5150.000	3920.000	100.000	9071.000	2080.000	9290.000	104022.000	219.000	0.230
0.007987444149605845	5250.000	4000.000	100.000	10691.000	2453.000	10944.000	122679.000	253.000	0.230
0.00875187639498247	5350.000	4080.000	100.000	9789.000	2245.000	10039.000	112271.000	250.000	0.230
0.009830521741873297	5450.000	4160.000	100.000	9108.000	2097.000	9318.000	104857.000	210.000	0.230
0.006735607427589024	5550.000	4240.000	100.000	12323.000	2827.000	12601.000	141374.000	278.000	0.230
0.007565545650335421	5650.000	4320.000	100.000	11268.000	2593.000	11523.000	129666.000	255.000	0.230
0.007181577846807289	5750.000	4400.000	100.000	11934.000	2759.000	12185.000	137994.000	251.000	0.230
0.006325590766401868	5850.000	4480.000	100.000	13389.000	3049.000	13648.000	152469.000	259.000	0.230
0.00733536411286415	5950.000	4560.000	100.000	11654.000	2690.000	11907.000	134508.000	253.000	0.230
0.006172223879165552	6050.000	4640.000	100.000	13848.000	3174.000	14100.000	158743.000	252.000	0.230
0.006309131975380703	6150.000	4720.000	100.000	13536.000	3126.000	13790.000	156317.000	254.000	0.230
0.0067348729579437975	6250.000	4800.000	100.000	12610.000	2929.000	12870.000	146463.000	260.000	0.230
0.006153139754163163	6350.000	4880.000	100.000	13943.000	3223.000	14193.000	161158.000	250.000	0.230
0.006093353097655605	6450.000	4960.000	100.000	14048.000	3226.000	14299.000	161351.000	251.000	0.230
0.0060161890984006365	6550.000	5040.000	100.000	14398.000	3301.000	14638.000	165062.000	240.000	0.230
0.00455344048446063	6650.000	5120.000	100.000	17725.000	4084.000	18028.000	204253.000	303.000	0.230
0.00485126132477697	6750.000	5200.000	100.000	16964.000	3942.000	17252.000	197114.000	288.000	0.230
0.006600008539780882	6850.000	5280.000	100.000	13174.000	3029.000	13411.000	151460.000	237.000	0.230
0.004916160238213062	6950.000	5360.000	100.000	16717.000	3824.000	17003.000	191238.000	286.000	0.230
0.004923699059053257	7050.000	5440.000	100.000	17137.000	3918.000	17400.000	195938.000	263.000	0.230
0.006085165211847443	7150.000	5520.000	100.000	14386.000	3289.000	14616.000	164495.000	230.000	0.230
0.004544273033654766	7250.000	5600.000	100.000	18338.000	4239.000	18614.000	211982.000	276.000	0.230
0.004122985169604119	7350.000	5680.000	100.000	19926.000	4596.000	20214.000	229845.000	288.000	0.230
0.004163359169439584	7450.000	5760.000	100.000	19676.000	4506.000	19965.000	225340.000	289.000	0.230
0.005200336096037826	7550.000	5840.000	100.000	16172.000	3700.000	16438.000	185010.000	266.000	0.230
0.004719685627471497	7650.000	5920.000	100.000	17806.000	4082.000	18073.000	204107.000	267.000	0.230
0.0037942134480706637	7750.000	6000.000	100.000	20838.000	4776.000	21157.000	238811.000	319.000	0.230
0.004296445743807602	7850.000	6080.000	100.000	19366.000	4469.000	19643.000	223461.000	277.000	0.230
0.004142416360611582	7950.000	6160.000	100.000	20070.000	4614.000	20347.000	230748.000	277.000	0.230
0.002778397162641535	8050.000	6240.000	100.000	26999.000	6223.000	27362.000	311187.000	363.000	0.230
0.0035027151281126394	8150.000	6320.000	100.000	21957.000	5136.000	22304.000	256828.000	347.000	0.230
0.0034608465482079058	8250.000	6400.000	100.000	22674.000	5192.000	22999.000	259643.000	325.000	0.230
0.004356406928946816	8350.000	6480.000	100.000	19322.000	4488.000	19590.000	224440.000	268.000	0.230
0.003025160261069073	8450.000	6560.000	100.000	26275.000	6058.000	26591.000	302936.000	316.000	0.230
0.0033174574609742004	8550.000	6640.000	100.000	23984.000	5503.000	24298.000	275161.000	314.000	0.230
0.0026504730799933006	8650.000	6720.000	100.000	27437.000	6382.000	27827.000	319117.000	390.000	0.230
0.003123813334900148	8750.000	6800.000	100.000	24844.000	5644.000	25176.000	282249.000	332.000	0.230
0.00354027397432528	8850.000	6880.000	100.000	22450.000	5153.000	22765.000	257662.000	315.000	0.230
0.0033737228235288528	8950.000	6960.000	100.000	23474.000	5411.000	23793.000	270566.000	319.000	0.230
0.0030433916660264865	9050.000	7040.000	100.000	25511.000	5895.000	25847.000	294768.000	336.000	0.230
0.004093482438296315	9150.000	7120.000	100.000	19857.000	4598.000	20155.000	229931.000	298.000	0.230
0.00318524988536106	9250.000	7200.000	100.000	25115.000	5850.000	25428.000	292557.000	313.000	0.230
0.003101483937929296	9350.000	7280.000	100.000	25319.000	5835.000	25645.000	291791.000	326.000	0.230
0.0025859505906509787	9450.000	7360.000	100.000	29264.000	6720.000	29619.000	336043.000	355.000	0.230
0.002951233388956844	9550.000	7440.000	100.000	26332.000	6102.000	26668.000	305151.000	336.000	0.230
0.0029167760596497455	9650.000	7520.000	100.000	26086.000	5975.000	26436.000	298804.000	350.000	0.230
0.0033001553282547124	9750.000	7600.000	100.000	24202.000	5581.000	24514.000	279091.000	312.000	0.230
0.0020312093198941905	9850.000	7680.000	100.000	33883.000	7806.000	34311.000	390357.000	428.000	0.230
0.002454113101386347	9950.000	7760.000	100.000	30628.000	7025.000	30988.000	351270.000	360.000	0.230
0.002561852144500069	10050.000	7840.000	100.000	29852.000	6941.000	30202.000	347108.000	350.000	0.230
0.001839588300826239	10150.000	7920.000	100.000	38127.000	8729.000	38539.000	436480.000	412.000	0.230
0.0022497579109248067	10250.000	8000.000	100.000	32044.000	7391.000	32438.000	369606.000	394.000	0.230
0.002046599209521097	10350.000	8080.000	100.000	34638.000	7927.000	35042.000	396369.000	404.000	0.230
0.0017915903292571136	10450.000	8160.000	100.000	37940.000	8742.000	38377.000	437158.000	437.000	0.230
0.002231040787411434	10550.000	8240.000	100.000	31930.000	7387.000	32334.000	369404.000	404.000	0.230
0.002048569944089348	10650.000	8320.000	100.000	35162.000	8095.000	35556.000	404783.000	394.000	0.230
0.001598798130818067	10750.000	8400.000	100.000	40551.000	9435.000	41025.000	471808.000	474.000	0.230
0.0020317867618238417	10850.000	8480.000	100.000	36296.000	8329.000	36671.000	416478.000	375.000	0.230
0.002131353211132893	10950.000	8560.000	100.000	33461.000	7691.000	33862.000	384604.000	401.000	0.230
0.001820029061509991	11050.000	8640.000	100.000	37465.000	8639.000	37900.000	431987.000	435.000	0.230
0.0018511757061463005	11150.000	8720.000	100.000	36439.000	8521.000	36887.000	426077.000	448.000	0.230
0.0016870157235813852	11250.000	8800.000	100.000	40904.000	9396.000	41329.000	469815.000	425.000	0.230
0.0020616144321274786	11350.000	8880.000	100.000	35138.000	8097.000	35528.000	404891.000	390.000	0.230
0.0023341730508436545	11450.000	8960.000	100.000	32153.000	7370.000	32514.000	368512.000	361.000	0.230
0.0018960677854966616	11550.000	9040.000	100.000	36928.000	8473.000	37360.000	423673.000	414.000	0.230
0.001659749310466852	11650.000	9120.000	100.000	39980.000	9165.000	40432.000	458280.000	452.000	0.230
0.001816786269138764	11750.000	9200.000	100.000	37713.000	8683.000	38144.000	434206.000	431.000	0.230
0.002222409658760703	11850.000	9280.000	100.000	33286.000	7725.000	33662.000	386292.000	376.000	0.230
0.0017832848911451785	11950.000	9360.000	100.000	38957.000	9047.000	39381.000	452408.000	424.000	0.230
0.0015513548897719495	12050.000	9440.000	100.000	41523.000	9582.000	41998.000	479122.000	475.000	0.230
0.0014738950442545733	12150.000	9520.000	100.000	43496.000	10055.000	43975.000	502797.000	479.000	0.230
0.0017158960906229431	12250.000	9600.000	100.000	41455.000	9588.000	41860.000	479448.000	405.000	0.230
0.0024586201050337585	12350.000	9680.000	100.000	30543.000	7036.000	30905.000	351837.000	362.000	0.230
0.0017445907664255763	12450.000	9760.000	100.000	38686.000	8865.000	39126.000	443292.000	440.000	0.230
0.002320301178764842	12550.000	9840.000	100.000	32281.000	7513.000	32648.000	375691.000	367.000	0.230
0.0018234415257611528	12650.000	9920.000	100.000	38840.000	9029.000	39261.000	451500.000	410.000	0.230
0.0018565468482672463	12750.000	10000.000	100.000	38887.000	9001.000	39281.000	450072.000	394.000	0.230
0.001402372360447747	12850.000	10080.000	100.000	46490.000	10760.000	46958.000	538056.000	468.000	0.230
0.0018108132823719907	12950.000	10160.000	100.000	39215.000	9117.000	39623.000	455864.000	408.000	0.230
0.0014615261406516569	13050.000	10240.000	100.000	43937.000	10062.000	44411.000	503137.000	474.000	0.230
0.0023093999591064815	13150.000	10320.000	100.000	32732.000	7600.000	33091.000	380050.000	359.000	0.230
0.0013669041751324907	13250.000	10400.000	100.000	46058.000	10619.000	46548.000	530969.000	490.000	0.230
0.0019289399595631984	13350.000	10480.000	100.000	36787.000	8538.000	37195.000	426951.000	408.000	0.230
0.0014229100788781571	13450.000	10560.000	100.000	45930.000	10595.000	46395.000	529812.000	465.000	0.230
0.0016534800332028538	13550.000	10640.000	100.000	42355.000	9864.000	42774.000	493228.000	419.000	0.230
0.0015728733141377885	13650.000	10720.000	100.000	42413.000	9817.000	42865.000	490881.000	452.000	0.230
0.0016024732726911566	13750.000	10800.000	100.000	42210.000	9687.000	42649.000	484403.000	439.000	0.230
0.0019264447119808938	13850.000	10880.000	100.000	37673.000	8775.000	38065.000	438785.000	392.000	0.230
0.0015451025864290095	13950.000	10960.000	100.000	42888.000	9884.000	43343.000	494225.000	455.000	0.230
0.001439407806836972	14050.000	11040.000	100.000	44734.000	10341.000	45210.000	517079.000	476.000	0.230
0.0018231771399913655	14150.000	11120.000	100.000	38936.000	8964.000	39380.000	448255.000	405.000	0.230
0.0017075446918801956	14250.000	11200.000	100.000	41018.000	9445.000	41433.000	472283.000	415.000	0.230
0.001563316764552637	14350.000	11280.000	100.000	43115.000	9988.000	43560.000	499427.000	445.000	0.230
0.0017485876839971083	14450.000	11360.000	100.000	39470.000	9120.000	39897.000	456040.000	427.000	0.230
0.0011349373664803	14550.000	11440.000	100.000	52508.000	12199.000	53037.000	609988.000	529.000	0.230
0.0014377715829257092	14650.000	11520.000	100.000	45028.000	10350.000	45498.000	517528.000	470.000	0.230
0.0012269219430004266	14750.000	11600.000	100.000	50860.000	11730.000	51356.000	586531.000	496.000	0.230
0.0011597139374339102	14850.000	11680.000	100.000	51166.000	11718.000	51691.000	585953.000	525.000	0.230
0.0014926660514885048	14950.000	11760.000	100.000	44246.000	10240.000	44705.000	512044.000	459.000	0.230
0.001118440264230767	15050.000	11840.000	100.000	52963.000	12154.000	53490.000	607746.000	527.000	0.230
0.001157997725161772	15150.000	11920.000	100.000	53600.000	12348.000	54099.000	617419.000	499.000	0.230
0.0011760418093126738	15250.000	12000.000	100.000	51397.000	11864.000	51914.000	593239.000	517.000	0.230
0.0013497566777593282	15350.000	12080.000	100.000	47308.000	10919.000	47789.000	545966.000	481.000	0.230
0.0012406506103594707	15450.000	12160.000	100.000	48247.000	11132.000	48770.000	556650.000	523.000	0.230
0.0013884461179596104	15550.000	12240.000	100.000	46014.000	10552.000	46492.000	527662.000	478.000	0.230
0.0018906425223235521	15650.000	12320.000	100.000	39000.000	8946.000	39375.000	447339.000	375.000	0.230
0.0015186698648393365	15750.000	12400.000	100.000	45405.000	10502.000	45833.000	525126.000	428.000	0.230
0.0013156833521579898	15850.000	12480.000	100.000	49611.000	11391.000	50075.000	569612.000	464.000	0.230
0.0012419708023079323	15950.000	12560.000	100.000	50485.000	11675.000	50979.000	583771.000	494.000	0.230
0.0013000389316024862	16050.000	12640.000	100.000	47877.000	11050.000	48375.000	552539.000	498.000	0.230
0.0013567662741874324	16150.000	12720.000	100.000	46823.000	10795.000	47307.000	539803.000	484.000	0.230
0.0015455897624400822	16250.000	12800.000	100.000	45465.000	10451.000	45877.000	522599.000	412.000	0.230
0.001186024481353217	16350.000	12880.000	100.000	52488.000	12145.000	52987.000	607292.000	499.000	0.230
0.0012630788823554632	16450.000	12960.000	100.000	50462.000	11612.000	50944.000	580652.000	481.000	0.230
0.0015127662179949845	16550.000	13040.000	100.000	45838.000	10575.000	46266.000	528771.000	423.000	0.230
0.0012232145311487311	16650.000	13120.000	100.000	51040.000	11726.000	51534.000	586342.000	494.000	0.230
0.0015107750286779953	16750.000	13200.000	100.000	43522.000	9969.000	44026.000	498464.000	458.000	0.230
0.001385356421882676	16850.000	13280.000	100.000	46534.000	10778.000	47010.000	538932.000	476.000	0.230
0.001530762260771258	16950.000	13360.000	100.000	45141.000	10427.000	45567.000	521388.000	426.000	0.230
0.0013419863910570321	17050.000	13440.000	100.000	47680.000	11015.000	48160.000	550772.000	480.000	0.230
0.001222895818318496	17150.000	13520.000	100.000	52174.000	11940.000	52652.000	597025.000	478.000	0.230
0.0008654721315957582	17250.000	13600.000	100.000	64411.000	14882.000	64978.000	744121.000	567.000	0.230
0.0012911143496558662	17350.000	13680.000	100.000	48930.000	11315.000	49419.000	565790.000	489.000	0.230
0.0013369546192276362	17450.000	13760.000	100.000	48666.000	11169.000	49132.000	558509.000	466.000	0.231
0.0010755832267333348	17550.000	13840.000	100.000	55603.000	12842.000	56127.000	642145.000	524.000	0.231
0.0009146885707491531	17650.000	13920.000	100.000	58686.000	13538.000	59274.000	676959.000	588.000	0.231
0.0014409446014936869	17750.000	14000.000	100.000	46386.000	10691.000	46835.000	534581.000	449.000	0.230
0.0010859678773403735	17850.000	14080.000	100.000	57111.000	13201.000	57612.000	660111.000	501.000	0.231
0.0010651196874133285	17950.000	14160.000	100.000	57592.000	13308.000	58100.000	665429.000	508.000	0.231
0.0014824882057709926	18050.000	14240.000	100.000	45415.000	10499.000	45860.000	524963.000	445.000	0.231
0.0015942663367057581	18150.000	14320.000	100.000	43896.000	10061.000	44310.000	503064.000	414.000	0.231
