0.013245482249251452
0.010597595721275643
0.010922084255217287
0.00969616804518629
0.008299024455361764
0.008436037600012596
0.007060717298450508
0.006569659893433652
0.005349678209340827
0.005992117971975697
0.004790495588969813
0.004500352582446959
0.004677818053075103
0.004182498860044777
0.004060090007959387
0.0035101437635509406
0.0033219902714929353
0.003067348521025327
0.002764421494363769
0.002650421426449201
0.002866650597894526
0.002394591909865131
0.0023562175146555797
0.0023874497747144873
0.002248197066566887
0.002135180900519264
0.0020056086594020476
0.0021529876935245367
0.0018967545341653908
0.0018101170644677818
0.0017516268590977303
0.0017144952427371372
0.0017253651520005753
0.0016519126932890511
0.0016380228507647426
0.0017675676858381858
0.0015181051307929698
0.0015458572047061104
0.0013932274633861232
0.001461629793027702
0.0013545746605450153
0.0013555825111996656
0.001412305110232319
0.0013476211840809313
0.0012270727500060864
0.0012541469311915334
0.0012600745156866925
0.0011114437705211594
0.0011621206116626905
0.001068841144305395
0.0011529983310942405
0.001195243586182939
0.001153264726484353
0.0011058701976315527
0.0011435847813837704
0.001104873759090531
0.0011181920287362836
0.0011308110505411275
0.00106738763848181
0.0011210537339769009
0.0010577189588227226
0.0010913823937222004
0.001085081793865382
0.001013737746407191
0.0009878553504591497
0.0009814123664310423
0.0010268715751344114
0.0010580366992023846
0.0009688921308386035
0.0010235778165366733
0.0009472967099741559
0.0009841861761059555
0.0009806624482451799
0.0009459681744630696
0.00091157913185213
0.0010209584432902682
0.0009532515714936801
0.0009610572620240845
0.000948874970651599
0.0009249460146443172
0.0009560810798790191
0.0009682983391337155
0.0009122452956169914
0.0009424764224020504
0.0009434009975303434
0.0009575660802347325
0.0008958423369841346
0.0009219606134843156
0.0009203009832211281
0.0009392163934885208
0.0009335725561489118
0.0008750163369448288
0.0009363124049824168
0.00091170917139645
0.0009638926877802232
0.0008816526395788273
0.0008963765289959317
0.0008914286583857921
0.0008952881469489672
0.0008727323413803193
0.0008562924967527631
0.000866521872989682
0.0008556134997963603
0.000843274284675836
0.0008498948249800864
0.0008482536090016832
0.0008603380788373969
0.0008820076162979424
0.0008711980373543193
0.0008803830862912538
0.0008767553440171875
0.000865436352574647
0.0008664419542545953
0.0008315531476222851
0.0008741578198590031
0.0008763421299114512
0.0008100298225831962
0.0008828445107344473
0.0008887837263673367
0.0008848028013516537
0.0009001577611685639
0.0008663595419817257
0.0008297062676602622
0.0008796525027607405
0.0008630269341501615
0.0008598970821665669
0.0008372555912826135
0.0008329219844309668
0.0008349539780787924
0.0008393236254085883
0.0008464909983124561
0.0008161895974156484
0.0008165635479059258
0.0008115219457384518
0.0008323019324443361
0.0008242441695777971
0.0008417324372113129
0.0008558976720104596
0.000815465870925682
0.0008530163856126405
0.0008500548611823943
0.0008045143180811922
0.000824373712734124
0.0007946478429160811
0.000815080502013362
0.0007967984313644835
0.0007950218636834292
0.000828545921843356
0.000811337255865742
0.0008071479503014568
0.000771260105147093
0.0008292251619969524
0.000805702616245612
0.0007963635260801131
0.0007835320167504226
0.0008047163461106835
0.000779908544084679
0.0008105089421258388
0.0008212981672911534
0.0007992075237842198
0.0007986039924000289
0.0007786278599981073
0.0007741179715110376
0.0007914869031340209
0.0008413728368883808
0.0008105531030106137
0.00080400860708665
0.0007857094165404593
0.0008369883496149977
0.0007902745451635942
0.000810507391774678
0.0007854450441313635
0.000817649097739024
0.0008212089693353243
