0.5841735605640102
0.5068345908637253
0.4902944746400206
0.45114510252740647
0.36683817916639877
0.38312624029136766
0.3202482347394762
0.3047808101041979
0.23878806064900968
0.26907175281623963
0.21552093460758798
0.1975894622258625
0.21081953677587462
0.1847053261445146
0.1814880991511583
0.15499661272625032
0.1480442529802119
0.13690953243374754
0.12569830224470419
0.11740118309342337
0.13014268128375603
0.1073699702576649
0.10779897373653285
0.10763963910002657
0.10112020989016407
0.09643786999437864
0.09063377988217254
0.0971614058530082
0.08521503095298591
0.08138100165470964
0.0779580872275685
0.07592673717758008
0.07712711553775962
0.0742070665540017
0.07391330802690507
0.07954340343109856
0.06884544387291061
0.06950788575041252
0.06305658011579468
0.06585463524557258
0.06143272879625366
0.060983871728162116
0.06351621210504535
0.06107472589322291
0.05619213927163201
0.0568840701750205
0.05685802350625336
0.05020083555456198
0.05225363210773061
0.048389602192821964
0.05223055874723943
0.0538270390361815
0.05212547275383069
0.049729637297205566
0.051660527905186965
0.05002347760301894
0.050516754861337373
0.050870475423090006
0.04795885213865442
0.05048222853693701
0.04784428148701067
0.04920943312136422
0.048731610077281794
0.04562229731383013
0.044613553178019336
0.04405704713067625
0.04610306981879715
0.04785626780400278
0.04384108970668624
0.04624143069408393
0.042583628374772566
0.04450398789536157
0.044213147830626055
0.042800247012985494
0.04132887818180367
0.045989958314858845
0.04278305174039933
0.04341735925084213
0.04280798664479467
0.04173548428484471
0.04312696109297312
0.04358749966976311
0.041234353100267386
0.04240643871508152
0.042546444977940565
0.04303933466310032
0.040206444852967316
0.04137171352833899
0.041439954630538914
0.04237671996694751
0.041946137332078186
0.039462998783870794
0.04216391258923087
0.041101850639683885
0.04334493528190891
0.03953924654811723
0.04035777369133792
0.040285529665032044
0.04051585329367883
0.03938915594659556
0.03869192555369359
0.03919256723548886
0.0385690559357302
0.03791487177385522
0.0383037921590557
0.03822686099907645
0.03901733324322865
0.039635483214845384
0.03907199673046337
0.039564672277614066
0.03951038934442794
0.03877453247471354
0.039047688216392124
0.03735106086394593
0.039141699889987176
0.039332861843226014
0.03643862929366556
0.039793721300877535
0.03975762368843919
0.03999094316936142
0.04051556693995758
0.03895665299477057
0.037234685887582386
0.03951582773262669
0.038888232208076856
0.038476413071178654
0.0375275320787481
0.03745345799868276
0.03757084755634007
0.03776458420627406
0.03803846017575989
0.03672812550337354
0.03658128024019511
0.03651725990243783
0.03743207439305038
0.03704675502793649
0.03768561430872666
0.038521620322549584
0.03664301401214834
0.03849510133867099
0.03820707513658109
0.036219168329988366
0.03698064282728442
0.03575349405865151
0.03671914238962547
0.03572344810761709
0.0357010762799547
0.03731877110646941
0.03631996792762156
0.03608607516478534
0.03458291696672004
0.037053798821578596
0.03625935863640769
0.0358008311322855
0.03509992667137407
0.036035405977904625
0.0349855146086449
0.03643188209474486
0.036642530919790944
0.035816346835197736
0.035780407661893575
0.03484772478821919
0.03468424629491762
0.03536817672925354
0.03775003108095179
0.03619001432106651
0.03606110495007734
0.03509296895817024
0.0375879797527285
0.03537300298765509
0.036291616839575346
0.0351694078475563
0.036549529837513764
0.03670111660018947
