         P           T(ns)       T(points)             N11         N10+N11  Exposition(ms)             Ch1             Ch2         N01+N11            Temp
     0.218	   850.000	   480.000	   100.000	   459.000	    98.000	   621.000	  4950.000	   162.000	     0.232
     0.222	   950.000	   560.000	   100.000	   451.000	   103.000	   599.000	  5152.000	   148.000	     0.232
     0.225	  1050.000	   640.000	   100.000	   445.000	   101.000	   614.000	  5072.000	   169.000	     0.232
     0.181	  1150.000	   720.000	   100.000	   551.000	   120.000	   697.000	  6003.000	   146.000	     0.232
     0.167	  1250.000	   800.000	   100.000	   600.000	   132.000	   752.000	  6620.000	   152.000	     0.232
     0.146	  1350.000	   880.000	   100.000	   685.000	   153.000	   846.000	  7653.000	   161.000	     0.232
     0.122	  1450.000	   960.000	   100.000	   823.000	   187.000	   988.000	  9379.000	   165.000	     0.232
     0.120	  1550.000	  1040.000	   100.000	   835.000	   184.000	   989.000	  9244.000	   154.000	     0.232
     0.118	  1650.000	  1120.000	   100.000	   844.000	   185.000	   991.000	  9285.000	   147.000	     0.232
     0.106	  1750.000	  1200.000	   100.000	   941.000	   202.000	  1105.000	 10136.000	   164.000	     0.232
     0.108	  1850.000	  1280.000	   100.000	   926.000	   202.000	  1079.000	 10117.000	   153.000	     0.232
     0.086	  1950.000	  1360.000	   100.000	  1163.000	   250.000	  1319.000	 12505.000	   156.000	     0.232
     0.066	  2050.000	  1440.000	   100.000	  1526.000	   329.000	  1691.000	 16490.000	   165.000	     0.232
     0.069	  2150.000	  1520.000	   100.000	  1454.000	   312.000	  1615.000	 15648.000	   161.000	     0.232
     0.059	  2250.000	  1600.000	   100.000	  1684.000	   365.000	  1854.000	 18253.000	   170.000	     0.232
     0.076	  2350.000	  1680.000	   100.000	  1315.000	   289.000	  1464.000	 14481.000	   149.000	     0.232
     0.047	  2450.000	  1760.000	   100.000	  2120.000	   462.000	  2297.000	 23136.000	   177.000	     0.232
     0.049	  2550.000	  1840.000	   100.000	  2030.000	   441.000	  2201.000	 22084.000	   171.000	     0.232
     0.041	  2650.000	  1920.000	   100.000	  2426.000	   533.000	  2583.000	 26656.000	   157.000	     0.232
     0.041	  2750.000	  2000.000	   100.000	  2468.000	   528.000	  2636.000	 26426.000	   168.000	     0.232
     0.038	  2850.000	  2080.000	   100.000	  2619.000	   595.000	  2808.000	 29754.000	   189.000	     0.232
     0.037	  2950.000	  2160.000	   100.000	  2716.000	   609.000	  2888.000	 30486.000	   172.000	     0.232
     0.031	  3050.000	  2240.000	   100.000	  3180.000	   706.000	  3363.000	 35305.000	   183.000	     0.232
     0.029	  3150.000	  2320.000	   100.000	  3400.000	   748.000	  3581.000	 37444.000	   181.000	     0.232
     0.029	  3250.000	  2400.000	   100.000	  3408.000	   753.000	  3593.000	 37677.000	   185.000	     0.232
     0.027	  3350.000	  2480.000	   100.000	  3648.000	   799.000	  3834.000	 39960.000	   186.000	     0.232
     0.027	  3450.000	  2560.000	   100.000	  3755.000	   820.000	  3939.000	 41032.000	   184.000	     0.232
     0.024	  3550.000	  2640.000	   100.000	  4083.000	   896.000	  4265.000	 44813.000	   182.000	     0.232
     0.021	  3650.000	  2720.000	   100.000	  4841.000	  1068.000	  5033.000	 53448.000	   192.000	     0.232
     0.022	  3750.000	  2800.000	   100.000	  4644.000	  1041.000	  4832.000	 52099.000	   188.000	     0.232
     0.021	  3850.000	  2880.000	   100.000	  4663.000	  1009.000	  4850.000	 50465.000	   187.000	     0.232
     0.020	  3950.000	  2960.000	   100.000	  4932.000	  1085.000	  5113.000	 54263.000	   181.000	     0.232
     0.019	  4050.000	  3040.000	   100.000	  5186.000	  1122.000	  5378.000	 56105.000	   192.000	     0.232
     0.017	  4150.000	  3120.000	   100.000	  5848.000	  1303.000	  6053.000	 65190.000	   205.000	     0.232
     0.014	  4250.000	  3200.000	   100.000	  6956.000	  1537.000	  7167.000	 76864.000	   211.000	     0.232
     0.016	  4350.000	  3280.000	   100.000	  6364.000	  1388.000	  6576.000	 69403.000	   212.000	     0.232
     0.013	  4450.000	  3360.000	   100.000	  7524.000	  1675.000	  7745.000	 83797.000	   221.000	     0.232
     0.014	  4550.000	  3440.000	   100.000	  7395.000	  1637.000	  7621.000	 81889.000	   226.000	     0.232
     0.015	  4650.000	  3520.000	   100.000	  6791.000	  1510.000	  6989.000	 75505.000	   198.000	     0.232
     0.011	  4750.000	  3600.000	   100.000	  9423.000	  2120.000	  9661.000	106044.000	   238.000	     0.232
     0.012	  4850.000	  3680.000	   100.000	  8351.000	  1903.000	  8567.000	 95153.000	   216.000	     0.232
     0.009	  4950.000	  3760.000	   100.000	 10893.000	  2366.000	 11150.000	118312.000	   257.000	     0.232
     0.010	  5050.000	  3840.000	   100.000	 10495.000	  2322.000	 10754.000	116136.000	   259.000	     0.232
     0.011	  5150.000	  3920.000	   100.000	  9058.000	  2023.000	  9295.000	101174.000	   237.000	     0.232
     0.010	  5250.000	  4000.000	   100.000	 10364.000	  2346.000	 10603.000	117315.000	   239.000	     0.232
     0.009	  5350.000	  4080.000	   100.000	 10706.000	  2387.000	 10934.000	119370.000	   228.000	     0.232
     0.009	  5450.000	  4160.000	   100.000	 11302.000	  2507.000	 11554.000	125390.000	   252.000	     0.232
     0.009	  5550.000	  4240.000	   100.000	 11278.000	  2478.000	 11505.000	123910.000	   227.000	     0.232
     0.010	  5650.000	  4320.000	   100.000	  9612.000	  2084.000	  9832.000	104208.000	   220.000	     0.232
     0.008	  5750.000	  4400.000	   100.000	 12805.000	  2862.000	 13045.000	143131.000	   240.000	     0.232
     0.008	  5850.000	  4480.000	   100.000	 12464.000	  2746.000	 12708.000	137352.000	   244.000	     0.232
     0.008	  5950.000	  4560.000	   100.000	 12976.000	  2867.000	 13223.000	143358.000	   247.000	     0.232
     0.007	  6050.000	  4640.000	   100.000	 13802.000	  3071.000	 14060.000	153584.000	   258.000	     0.232
     0.006	  6150.000	  4720.000	   100.000	 16164.000	  3555.000	 16462.000	177792.000	   298.000	     0.232
     0.007	  6250.000	  4800.000	   100.000	 14752.000	  3303.000	 15028.000	165203.000	   276.000	     0.232
     0.007	  6350.000	  4880.000	   100.000	 15106.000	  3370.000	 15392.000	168543.000	   286.000	     0.232
     0.008	  6450.000	  4960.000	   100.000	 13274.000	  2926.000	 13534.000	146327.000	   260.000	     0.232
     0.006	  6550.000	  5040.000	   100.000	 15674.000	  3506.000	 15967.000	175344.000	   293.000	     0.232
     0.006	  6650.000	  5120.000	   100.000	 16502.000	  3625.000	 16769.000	181298.000	   267.000	     0.232
     0.005	  6750.000	  5200.000	   100.000	 18593.000	  4093.000	 18901.000	204680.000	   308.000	     0.232
     0.006	  6850.000	  5280.000	   100.000	 17671.000	  3917.000	 17979.000	195857.000	   308.000	     0.232
     0.005	  6950.000	  5360.000	   100.000	 18207.000	  4036.000	 18510.000	201855.000	   303.000	     0.232
     0.005	  7050.000	  5440.000	   100.000	 22143.000	  4881.000	 22481.000	244090.000	   338.000	     0.232
     0.005	  7150.000	  5520.000	   100.000	 18642.000	  4095.000	 18954.000	204788.000	   312.000	     0.232
     0.005	  7250.000	  5600.000	   100.000	 18672.000	  4140.000	 18963.000	207019.000	   291.000	     0.232
     0.006	  7350.000	  5680.000	   100.000	 18032.000	  4034.000	 18304.000	201719.000	   272.000	     0.232
     0.005	  7450.000	  5760.000	   100.000	 19063.000	  4215.000	 19351.000	210791.000	   288.000	     0.232
     0.006	  7550.000	  5840.000	   100.000	 15414.000	  3425.000	 15693.000	171260.000	   279.000	     0.232
     0.004	  7650.000	  5920.000	   100.000	 22955.000	  5125.000	 23270.000	256279.000	   315.000	     0.232
     0.004	  7750.000	  6000.000	   100.000	 24678.000	  5490.000	 25026.000	274545.000	   348.000	     0.232
     0.005	  7850.000	  6080.000	   100.000	 20586.000	  4565.000	 20899.000	228290.000	   313.000	     0.232
     0.005	  7950.000	  6160.000	   100.000	 19985.000	  4414.000	 20298.000	220745.000	   313.000	     0.232
     0.004	  8050.000	  6240.000	   100.000	 24417.000	  5373.000	 24771.000	268664.000	   354.000	     0.232
     0.005	  8150.000	  6320.000	   100.000	 22114.000	  4946.000	 22434.000	247352.000	   320.000	     0.232
     0.005	  8250.000	  6400.000	   100.000	 21766.000	  4857.000	 22092.000	242901.000	   326.000	     0.232
     0.004	  8350.000	  6480.000	   100.000	 26276.000	  5886.000	 26638.000	294319.000	   362.000	     0.232
     0.004	  8450.000	  6560.000	   100.000	 25956.000	  5760.000	 26300.000	288030.000	   344.000	     0.232
     0.004	  8550.000	  6640.000	   100.000	 23819.000	  5287.000	 24138.000	264376.000	   319.000	     0.232
     0.004	  8650.000	  6720.000	   100.000	 26811.000	  5950.000	 27180.000	297531.000	   369.000	     0.232
     0.004	  8750.000	  6800.000	   100.000	 28069.000	  6213.000	 28414.000	310707.000	   345.000	     0.232
     0.003	  8850.000	  6880.000	   100.000	 29453.000	  6517.000	 29828.000	325860.000	   375.000	     0.232
     0.004	  8950.000	  6960.000	   100.000	 25963.000	  5797.000	 26333.000	289894.000	   370.000	     0.232
     0.003	  9050.000	  7040.000	   100.000	 29164.000	  6503.000	 29553.000	325187.000	   389.000	     0.232
     0.004	  9150.000	  7120.000	   100.000	 22766.000	  5013.000	 23094.000	250681.000	   328.000	     0.232
     0.003	  9250.000	  7200.000	   100.000	 29279.000	  6512.000	 29655.000	325632.000	   376.000	     0.232
     0.003	  9350.000	  7280.000	   100.000	 29401.000	  6581.000	 29782.000	329102.000	   381.000	     0.232
     0.003	  9450.000	  7360.000	   100.000	 30275.000	  6701.000	 30657.000	335100.000	   382.000	     0.232
     0.004	  9550.000	  7440.000	   100.000	 25783.000	  5753.000	 26153.000	287660.000	   370.000	     0.232
     0.004	  9650.000	  7520.000	   100.000	 25228.000	  5588.000	 25555.000	279449.000	   327.000	     0.232
     0.004	  9750.000	  7600.000	   100.000	 25192.000	  5576.000	 25536.000	278844.000	   344.000	     0.232
     0.004	  9850.000	  7680.000	   100.000	 25538.000	  5642.000	 25886.000	282111.000	   348.000	     0.232
     0.003	  9950.000	  7760.000	   100.000	 33158.000	  7400.000	 33556.000	370022.000	   398.000	     0.232
     0.003	 10050.000	  7840.000	   100.000	 31134.000	  6948.000	 31567.000	347416.000	   433.000	     0.232
     0.003	 10150.000	  7920.000	   100.000	 34037.000	  7555.000	 34456.000	377772.000	   419.000	     0.232
     0.003	 10250.000	  8000.000	   100.000	 30813.000	  6872.000	 31227.000	343626.000	   414.000	     0.232
     0.004	 10350.000	  8080.000	   100.000	 27536.000	  6080.000	 27872.000	304022.000	   336.000	     0.232
     0.003	 10450.000	  8160.000	   100.000	 32450.000	  7200.000	 32842.000	360058.000	   392.000	     0.232
     0.003	 10550.000	  8240.000	   100.000	 34327.000	  7614.000	 34725.000	380730.000	   398.000	     0.232
     0.003	 10650.000	  8320.000	   100.000	 29818.000	  6640.000	 30183.000	332031.000	   365.000	     0.232
     0.003	 10750.000	  8400.000	   100.000	 38369.000	  8587.000	 38783.000	429387.000	   414.000	     0.232
     0.004	 10850.000	  8480.000	   100.000	 22823.000	  5097.000	 23113.000	254860.000	   290.000	     0.232
     0.003	 10950.000	  8560.000	   100.000	 31242.000	  6932.000	 31607.000	346633.000	   365.000	     0.232
     0.004	 11050.000	  8640.000	   100.000	 24931.000	  5556.000	 25254.000	277842.000	   323.000	     0.232
     0.003	 11150.000	  8720.000	   100.000	 31899.000	  7029.000	 32265.000	351467.000	   366.000	     0.232
     0.004	 11250.000	  8800.000	   100.000	 27542.000	  6146.000	 27894.000	307324.000	   352.000	     0.232
     0.003	 11350.000	  8880.000	   100.000	 32018.000	  7122.000	 32406.000	356154.000	   388.000	     0.232
     0.003	 11450.000	  8960.000	   100.000	 32301.000	  7208.000	 32695.000	360417.000	   394.000	     0.232
     0.003	 11550.000	  9040.000	   100.000	 33158.000	  7349.000	 33559.000	367501.000	   401.000	     0.232
     0.003	 11650.000	  9120.000	   100.000	 34429.000	  7610.000	 34838.000	380510.000	   409.000	     0.232
     0.003	 11750.000	  9200.000	   100.000	 34644.000	  7727.000	 35060.000	386374.000	   416.000	     0.232
     0.002	 11850.000	  9280.000	   100.000	 43287.000	  9625.000	 43755.000	481270.000	   468.000	     0.232
     0.003	 11950.000	  9360.000	   100.000	 35531.000	  7887.000	 35937.000	394373.000	   406.000	     0.232
     0.003	 12050.000	  9440.000	   100.000	 35021.000	  7804.000	 35432.000	390211.000	   411.000	     0.232
     0.003	 12150.000	  9520.000	   100.000	 33696.000	  7527.000	 34079.000	376366.000	   383.000	     0.232
     0.003	 12250.000	  9600.000	   100.000	 38225.000	  8527.000	 38651.000	426400.000	   426.000	     0.232
     0.003	 12350.000	  9680.000	   100.000	 34673.000	  7693.000	 35068.000	384674.000	   395.000	     0.232
     0.002	 12450.000	  9760.000	   100.000	 40529.000	  8933.000	 40980.000	446674.000	   451.000	     0.232
     0.003	 12550.000	  9840.000	   100.000	 30651.000	  6856.000	 31044.000	342850.000	   393.000	     0.232
     0.003	 12650.000	  9920.000	   100.000	 37064.000	  8167.000	 37514.000	408368.000	   450.000	     0.232
     0.002	 12750.000	 10000.000	   100.000	 42624.000	  9552.000	 43105.000	477653.000	   481.000	     0.232
     0.003	 12850.000	 10080.000	   100.000	 37328.000	  8275.000	 37766.000	413808.000	   438.000	     0.232
     0.003	 12950.000	 10160.000	   100.000	 33039.000	  7337.000	 33452.000	366897.000	   413.000	     0.232
     0.002	 13050.000	 10240.000	   100.000	 41970.000	  9291.000	 42411.000	464576.000	   441.000	     0.232
     0.003	 13150.000	 10320.000	   100.000	 33410.000	  7406.000	 33814.000	370334.000	   404.000	     0.232
     0.003	 13250.000	 10400.000	   100.000	 33746.000	  7571.000	 34141.000	378567.000	   395.000	     0.232
     0.003	 13350.000	 10480.000	   100.000	 38507.000	  8495.000	 38955.000	424801.000	   448.000	     0.232
     0.002	 13450.000	 10560.000	   100.000	 40100.000	  8877.000	 40566.000	443903.000	   466.000	     0.232
     0.003	 13550.000	 10640.000	   100.000	 39731.000	  8855.000	 40173.000	442765.000	   442.000	     0.232
     0.003	 13650.000	 10720.000	   100.000	 36765.000	  8237.000	 37187.000	411883.000	   422.000	     0.232
     0.002	 13750.000	 10800.000	   100.000	 44431.000	  9810.000	 44901.000	490544.000	   470.000	     0.232
     0.003	 13850.000	 10880.000	   100.000	 38825.000	  8636.000	 39272.000	431813.000	   447.000	     0.232
     0.003	 13950.000	 10960.000	   100.000	 33610.000	  7476.000	 34002.000	373837.000	   392.000	     0.232
     0.002	 14050.000	 11040.000	   100.000	 40993.000	  9031.000	 41435.000	451589.000	   442.000	     0.232
     0.003	 14150.000	 11120.000	   100.000	 39295.000	  8763.000	 39709.000	438161.000	   414.000	     0.232
     0.002	 14250.000	 11200.000	   100.000	 42455.000	  9517.000	 42924.000	475896.000	   469.000	     0.232
     0.002	 14350.000	 11280.000	   100.000	 45507.000	 10135.000	 46007.000	506807.000	   500.000	     0.232
     0.003	 14450.000	 11360.000	   100.000	 38194.000	  8442.000	 38626.000	422138.000	   432.000	     0.232
     0.002	 14550.000	 11440.000	   100.000	 43341.000	  9604.000	 43840.000	480218.000	   499.000	     0.232
     0.003	 14650.000	 11520.000	   100.000	 39232.000	  8701.000	 39658.000	435061.000	   426.000	     0.232
     0.002	 14750.000	 11600.000	   100.000	 45647.000	 10134.000	 46145.000	506760.000	   498.000	     0.232
     0.002	 14850.000	 11680.000	   100.000	 43919.000	  9727.000	 44398.000	486374.000	   479.000	     0.232
     0.003	 14950.000	 11760.000	   100.000	 37692.000	  8397.000	 38081.000	419867.000	   389.000	     0.232
     0.003	 15050.000	 11840.000	   100.000	 37142.000	  8222.000	 37562.000	411146.000	   420.000	     0.232
     0.003	 15150.000	 11920.000	   100.000	 38429.000	  8542.000	 38832.000	427146.000	   403.000	     0.232
     0.003	 15250.000	 12000.000	   100.000	 37673.000	  8335.000	 38062.000	416775.000	   389.000	     0.232
     0.003	 15350.000	 12080.000	   100.000	 32558.000	  7199.000	 32937.000	359964.000	   379.000	     0.232
     0.003	 15450.000	 12160.000	   100.000	 39240.000	  8720.000	 39656.000	436048.000	   416.000	     0.232
     0.002	 15550.000	 12240.000	   100.000	 48158.000	 10678.000	 48678.000	533929.000	   520.000	     0.232
     0.002	 15650.000	 12320.000	   100.000	 44116.000	  9693.000	 44582.000	484698.000	   466.000	     0.232
     0.002	 15750.000	 12400.000	   100.000	 41752.000	  9251.000	 42211.000	462563.000	   459.000	     0.232
     0.002	 15850.000	 12480.000	   100.000	 42045.000	  9326.000	 42471.000	466357.000	   426.000	     0.232
     0.002	 15950.000	 12560.000	   100.000	 45827.000	 10138.000	 46316.000	506923.000	   489.000	     0.232
     0.003	 16050.000	 12640.000	   100.000	 37457.000	  8363.000	 37888.000	418164.000	   431.000	     0.232
     0.002	 16150.000	 12720.000	   100.000	 42616.000	  9509.000	 43078.000	475500.000	   462.000	     0.232
     0.002	 16250.000	 12800.000	   100.000	 50323.000	 11200.000	 50846.000	560043.000	   523.000	     0.232
     0.003	 16350.000	 12880.000	   100.000	 39235.000	  8667.000	 39656.000	433375.000	   421.000	     0.232
     0.003	 16450.000	 12960.000	   100.000	 38811.000	  8552.000	 39213.000	427629.000	   402.000	     0.232
     0.003	 16550.000	 13040.000	   100.000	 39968.000	  8828.000	 40403.000	441425.000	   435.000	     0.232
     0.002	 16650.000	 13120.000	   100.000	 49298.000	 10914.000	 49811.000	545733.000	   513.000	     0.232
     0.002	 16750.000	 13200.000	   100.000	 42674.000	  9498.000	 43101.000	474914.000	   427.000	     0.232
     0.002	 16850.000	 13280.000	   100.000	 46426.000	 10358.000	 46904.000	517926.000	   478.000	     0.232
     0.002	 16950.000	 13360.000	   100.000	 49174.000	 10882.000	 49684.000	544156.000	   510.000	     0.232
     0.002	 17050.000	 13440.000	   100.000	 48855.000	 10804.000	 49329.000	540247.000	   474.000	     0.232
     0.002	 17150.000	 13520.000	   100.000	 47017.000	 10346.000	 47503.000	517355.000	   486.000	     0.232
     0.002	 17250.000	 13600.000	   100.000	 48313.000	 10786.000	 48823.000	539361.000	   510.000	     0.232
     0.002	 17350.000	 13680.000	   100.000	 42700.000	  9403.000	 43180.000	470165.000	   472.000	     0.232
     0.002	 17450.000	 13760.000	   100.000	 44727.000	  9927.000	 45213.000	496386.000	   486.000	     0.232
     0.002	 17550.000	 13840.000	   100.000	 44158.000	  9732.000	 44599.000	486646.000	   441.000	     0.232
     0.002	 17650.000	 13920.000	   100.000	 51629.000	 11530.000	 52178.000	576555.000	   549.000	     0.232
     0.002	 17750.000	 14000.000	   100.000	 45893.000	 10104.000	 46377.000	505224.000	   484.000	     0.232
     0.002	 17850.000	 14080.000	   100.000	 51923.000	 11505.000	 52439.000	575302.000	   516.000	     0.232
     0.002	 17950.000	 14160.000	   100.000	 51477.000	 11321.000	 51984.000	566079.000	   507.000	     0.232
     0.002	 18050.000	 14240.000	   100.000	 55216.000	 12246.000	 55792.000	612350.000	   576.000	     0.232
     0.002	 18150.000	 14320.000	   100.000	 48098.000	 10611.000	 48612.000	530587.000	   514.000	     0.232
