0.194	850.000	480.000	100.000	516.000	115.000	691.000	5778.000	175.000	0.230
0.198	950.000	560.000	100.000	506.000	113.000	655.000	5689.000	149.000	0.229
0.190	1050.000	640.000	100.000	525.000	120.000	694.000	6003.000	169.000	0.230
0.183	1150.000	720.000	100.000	547.000	130.000	709.000	6546.000	162.000	0.230
0.134	1250.000	800.000	100.000	744.000	179.000	910.000	8970.000	166.000	0.230
0.156	1350.000	880.000	100.000	640.000	155.000	796.000	7783.000	156.000	0.230
0.134	1450.000	960.000	100.000	744.000	171.000	895.000	8582.000	151.000	0.229
0.117	1550.000	1040.000	100.000	853.000	199.000	1016.000	9954.000	163.000	0.230
0.116	1650.000	1120.000	100.000	861.000	192.000	1016.000	9634.000	155.000	0.230
0.110	1750.000	1200.000	100.000	908.000	216.000	1057.000	10849.000	149.000	0.230
0.100	1850.000	1280.000	100.000	1002.000	222.000	1141.000	11150.000	139.000	0.230
0.081	1950.000	1360.000	100.000	1230.000	282.000	1398.000	14103.000	168.000	0.230
0.073	2050.000	1440.000	100.000	1364.000	310.000	1531.000	15539.000	167.000	0.230
0.068	2150.000	1520.000	100.000	1470.000	337.000	1644.000	16887.000	174.000	0.230
0.063	2250.000	1600.000	100.000	1582.000	361.000	1756.000	18054.000	174.000	0.230
0.063	2350.000	1680.000	100.000	1585.000	368.000	1736.000	18450.000	151.000	0.230
0.054	2450.000	1760.000	100.000	1836.000	443.000	2009.000	22179.000	173.000	0.230
0.065	2550.000	1840.000	100.000	1543.000	354.000	1701.000	17736.000	158.000	0.230
0.059	2650.000	1920.000	100.000	1692.000	380.000	1851.000	19031.000	159.000	0.230
0.050	2750.000	2000.000	100.000	2005.000	468.000	2177.000	23435.000	172.000	0.230
0.038	2850.000	2080.000	100.000	2646.000	645.000	2815.000	32282.000	169.000	0.230
0.050	2950.000	2160.000	100.000	2014.000	472.000	2164.000	23647.000	150.000	0.230
0.030	3050.000	2240.000	100.000	3317.000	758.000	3485.000	37918.000	168.000	0.230
0.038	3150.000	2320.000	100.000	2657.000	606.000	2818.000	30336.000	161.000	0.230
0.029	3250.000	2400.000	100.000	3449.000	791.000	3623.000	39591.000	174.000	0.230
0.029	3350.000	2480.000	100.000	3465.000	816.000	3654.000	40836.000	189.000	0.230
0.027	3450.000	2560.000	100.000	3737.000	860.000	3915.000	43013.000	178.000	0.230
0.027	3550.000	2640.000	100.000	3694.000	840.000	3876.000	42034.000	182.000	0.230
0.030	3650.000	2720.000	100.000	3285.000	765.000	3442.000	38275.000	157.000	0.230
0.026	3750.000	2800.000	100.000	3921.000	922.000	4093.000	46125.000	172.000	0.230
0.018	3850.000	2880.000	100.000	5555.000	1274.000	5772.000	63731.000	217.000	0.230
0.020	3950.000	2960.000	100.000	4967.000	1177.000	5173.000	58896.000	206.000	0.230
0.022	4050.000	3040.000	100.000	4462.000	1018.000	4658.000	50919.000	196.000	0.230
0.020	4150.000	3120.000	100.000	4910.000	1118.000	5107.000	55929.000	197.000	0.230
0.025	4250.000	3200.000	100.000	4008.000	913.000	4177.000	45671.000	169.000	0.230
0.017	4350.000	3280.000	100.000	5809.000	1343.000	6002.000	67173.000	193.000	0.230
0.016	4450.000	3360.000	100.000	6114.000	1413.000	6318.000	70675.000	204.000	0.230
0.014	4550.000	3440.000	100.000	7180.000	1669.000	7373.000	83473.000	193.000	0.230
0.013	4650.000	3520.000	100.000	7461.000	1713.000	7667.000	85673.000	206.000	0.230
0.014	4750.000	3600.000	100.000	6902.000	1598.000	7115.000	79937.000	213.000	0.230
0.012	4850.000	3680.000	100.000	8039.000	1872.000	8263.000	93612.000	224.000	0.230
0.013	4950.000	3760.000	100.000	7982.000	1868.000	8188.000	93434.000	206.000	0.230
0.011	5050.000	3840.000	100.000	9032.000	2081.000	9252.000	104063.000	220.000	0.230
0.012	5150.000	3920.000	100.000	8210.000	1886.000	8429.000	94323.000	219.000	0.230
0.010	5250.000	4000.000	100.000	9627.000	2213.000	9851.000	110680.000	224.000	0.230
0.010	5350.000	4080.000	100.000	10217.000	2366.000	10460.000	118326.000	243.000	0.230
0.010	5450.000	4160.000	100.000	10384.000	2434.000	10614.000	121708.000	230.000	0.230
0.009	5550.000	4240.000	100.000	10953.000	2551.000	11219.000	127597.000	266.000	0.230
0.009	5650.000	4320.000	100.000	11463.000	2640.000	11700.000	132009.000	237.000	0.230
0.009	5750.000	4400.000	100.000	11237.000	2618.000	11464.000	130937.000	227.000	0.230
0.009	5850.000	4480.000	100.000	10945.000	2543.000	11184.000	127179.000	239.000	0.230
0.009	5950.000	4560.000	100.000	11348.000	2591.000	11572.000	129585.000	224.000	0.230
0.009	6050.000	4640.000	100.000	11364.000	2642.000	11583.000	132143.000	219.000	0.230
0.008	6150.000	4720.000	100.000	13000.000	3021.000	13246.000	151097.000	246.000	0.230
0.006	6250.000	4800.000	100.000	16984.000	3964.000	17259.000	198236.000	275.000	0.230
0.007	6350.000	4880.000	100.000	14715.000	3418.000	14987.000	170925.000	272.000	0.230
0.006	6450.000	4960.000	100.000	15621.000	3655.000	15881.000	182802.000	260.000	0.230
0.006	6550.000	5040.000	100.000	16304.000	3777.000	16584.000	188879.000	280.000	0.230
0.007	6650.000	5120.000	100.000	13446.000	3143.000	13689.000	157173.000	243.000	0.230
0.006	6750.000	5200.000	100.000	16224.000	3771.000	16498.000	188604.000	274.000	0.230
0.006	6850.000	5280.000	100.000	15751.000	3629.000	16002.000	181467.000	251.000	0.230
0.007	6950.000	5360.000	100.000	15313.000	3561.000	15570.000	178063.000	257.000	0.230
0.005	7050.000	5440.000	100.000	19444.000	4600.000	19732.000	230029.000	288.000	0.230
0.006	7150.000	5520.000	100.000	17566.000	4107.000	17866.000	205390.000	300.000	0.230
0.005	7250.000	5600.000	100.000	18759.000	4400.000	19056.000	220027.000	297.000	0.230
0.006	7350.000	5680.000	100.000	17990.000	4188.000	18254.000	209452.000	264.000	0.230
0.005	7450.000	5760.000	100.000	20519.000	4744.000	20827.000	237216.000	308.000	0.230
0.005	7550.000	5840.000	100.000	21548.000	5036.000	21896.000	251848.000	348.000	0.230
0.005	7650.000	5920.000	100.000	21070.000	4839.000	21366.000	242004.000	296.000	0.230
0.005	7750.000	6000.000	100.000	22074.000	5116.000	22380.000	255833.000	306.000	0.230
0.005	7850.000	6080.000	100.000	21847.000	5047.000	22141.000	252387.000	294.000	0.230
0.005	7950.000	6160.000	100.000	21959.000	5151.000	22292.000	257564.000	333.000	0.230
0.006	8050.000	6240.000	100.000	16524.000	3864.000	16789.000	193221.000	265.000	0.230
0.005	8150.000	6320.000	100.000	22132.000	5140.000	22436.000	257024.000	304.000	0.230
0.004	8250.000	6400.000	100.000	23076.000	5347.000	23391.000	267364.000	315.000	0.230
0.004	8350.000	6480.000	100.000	23470.000	5444.000	23808.000	272255.000	338.000	0.230
0.004	8450.000	6560.000	100.000	23777.000	5586.000	24114.000	279319.000	337.000	0.230
0.005	8550.000	6640.000	100.000	18463.000	4261.000	18758.000	213070.000	295.000	0.230
0.004	8650.000	6720.000	100.000	28111.000	6542.000	28478.000	327145.000	367.000	0.230
0.004	8750.000	6800.000	100.000	28125.000	6558.000	28515.000	327912.000	390.000	0.230
0.005	8850.000	6880.000	100.000	21317.000	4908.000	21614.000	245415.000	297.000	0.230
0.004	8950.000	6960.000	100.000	23876.000	5521.000	24203.000	276087.000	327.000	0.230
0.004	9050.000	7040.000	100.000	26502.000	6198.000	26838.000	309937.000	336.000	0.230
0.004	9150.000	7120.000	100.000	25137.000	5835.000	25457.000	291770.000	320.000	0.230
0.004	9250.000	7200.000	100.000	26488.000	6135.000	26816.000	306760.000	328.000	0.230
0.004	9350.000	7280.000	100.000	28315.000	6616.000	28694.000	330830.000	379.000	0.230
0.004	9450.000	7360.000	100.000	24237.000	5651.000	24539.000	282598.000	302.000	0.230
0.003	9550.000	7440.000	100.000	29243.000	6842.000	29621.000	342132.000	378.000	0.230
0.004	9650.000	7520.000	100.000	26921.000	6256.000	27265.000	312834.000	344.000	0.230
0.004	9750.000	7600.000	100.000	27739.000	6439.000	28096.000	321975.000	357.000	0.230
0.004	9850.000	7680.000	100.000	27409.000	6351.000	27746.000	317583.000	337.000	0.230
0.004	9950.000	7760.000	100.000	27066.000	6306.000	27392.000	315337.000	326.000	0.230
0.004	10050.000	7840.000	100.000	24721.000	5766.000	25028.000	288328.000	307.000	0.230
0.003	10150.000	7920.000	100.000	33593.000	7809.000	33974.000	390499.000	381.000	0.230
0.003	10250.000	8000.000	100.000	34424.000	8125.000	34856.000	406280.000	432.000	0.230
0.003	10350.000	8080.000	100.000	34959.000	8042.000	35367.000	402122.000	408.000	0.230
0.003	10450.000	8160.000	100.000	36931.000	8545.000	37370.000	427302.000	439.000	0.230
0.003	10550.000	8240.000	100.000	37828.000	8818.000	38251.000	440923.000	423.000	0.230
0.003	10650.000	8320.000	100.000	31072.000	7224.000	31425.000	361223.000	353.000	0.230
0.003	10750.000	8400.000	100.000	30628.000	7147.000	30987.000	357382.000	359.000	0.230
0.003	10850.000	8480.000	100.000	32283.000	7519.000	32681.000	375988.000	398.000	0.230
0.002	10950.000	8560.000	100.000	44278.000	10258.000	44754.000	512936.000	476.000	0.230
0.003	11050.000	8640.000	100.000	37263.000	8672.000	37739.000	433657.000	476.000	0.230
0.003	11150.000	8720.000	100.000	33180.000	7713.000	33551.000	385703.000	371.000	0.230
0.003	11250.000	8800.000	100.000	35310.000	8173.000	35699.000	408685.000	389.000	0.230
0.003	11350.000	8880.000	100.000	32520.000	7618.000	32890.000	380926.000	370.000	0.230
0.003	11450.000	8960.000	100.000	30242.000	7038.000	30568.000	351945.000	326.000	0.230
0.003	11550.000	9040.000	100.000	30730.000	7133.000	31093.000	356661.000	363.000	0.230
0.003	11650.000	9120.000	100.000	34597.000	8034.000	34979.000	401760.000	382.000	0.230
0.003	11750.000	9200.000	100.000	37755.000	8798.000	38179.000	439938.000	424.000	0.230
0.003	11850.000	9280.000	100.000	33549.000	7835.000	33930.000	391807.000	381.000	0.230
0.003	11950.000	9360.000	100.000	39934.000	9353.000	40376.000	467669.000	442.000	0.230
0.003	12050.000	9440.000	100.000	30997.000	7268.000	31354.000	363410.000	357.000	0.230
0.003	12150.000	9520.000	100.000	36917.000	8670.000	37325.000	433538.000	408.000	0.230
0.003	12250.000	9600.000	100.000	37281.000	8602.000	37658.000	430158.000	377.000	0.230
0.003	12350.000	9680.000	100.000	36751.000	8568.000	37159.000	428441.000	408.000	0.230
0.003	12450.000	9760.000	100.000	38807.000	9009.000	39208.000	450491.000	401.000	0.230
0.003	12550.000	9840.000	100.000	39021.000	9106.000	39451.000	455336.000	430.000	0.230
0.002	12650.000	9920.000	100.000	46181.000	10703.000	46649.000	535196.000	468.000	0.230
0.002	12750.000	10000.000	100.000	47156.000	10976.000	47646.000	548817.000	490.000	0.230
0.002	12850.000	10080.000	100.000	43381.000	10165.000	43852.000	508299.000	471.000	0.230
0.003	12950.000	10160.000	100.000	35080.000	8119.000	35469.000	405999.000	389.000	0.230
0.003	13050.000	10240.000	100.000	38832.000	9056.000	39233.000	452842.000	401.000	0.230
0.002	13150.000	10320.000	100.000	41999.000	9762.000	42433.000	488138.000	434.000	0.230
0.003	13250.000	10400.000	100.000	39913.000	9263.000	40357.000	463180.000	444.000	0.230
0.002	13350.000	10480.000	100.000	42100.000	9822.000	42543.000	491152.000	443.000	0.230
0.003	13450.000	10560.000	100.000	37278.000	8645.000	37676.000	432291.000	398.000	0.230
0.002	13550.000	10640.000	100.000	40162.000	9365.000	40562.000	468288.000	400.000	0.230
0.002	13650.000	10720.000	100.000	44753.000	10433.000	45185.000	521666.000	432.000	0.230
0.002	13750.000	10800.000	100.000	44910.000	10489.000	45389.000	524504.000	479.000	0.230
0.003	13850.000	10880.000	100.000	38834.000	9038.000	39204.000	451950.000	370.000	0.230
0.002	13950.000	10960.000	100.000	44331.000	10364.000	44822.000	518253.000	491.000	0.230
0.002	14050.000	11040.000	100.000	46801.000	10852.000	47241.000	542663.000	440.000	0.230
0.002	14150.000	11120.000	100.000	41501.000	9669.000	41931.000	483500.000	430.000	0.230
0.002	14250.000	11200.000	100.000	45514.000	10677.000	46002.000	533864.000	488.000	0.230
0.002	14350.000	11280.000	100.000	45200.000	10502.000	45681.000	525151.000	481.000	0.230
0.002	14450.000	11360.000	100.000	44447.000	10365.000	44895.000	518304.000	448.000	0.230
0.002	14550.000	11440.000	100.000	51374.000	11924.000	51875.000	596254.000	501.000	0.230
0.002	14650.000	11520.000	100.000	48280.000	11225.000	48748.000	561303.000	468.000	0.230
0.002	14750.000	11600.000	100.000	41800.000	9668.000	42248.000	483461.000	448.000	0.230
0.002	14850.000	11680.000	100.000	48500.000	11311.000	48980.000	565594.000	480.000	0.230
0.003	14950.000	11760.000	100.000	37534.000	8761.000	37915.000	438111.000	381.000	0.230
0.002	15050.000	11840.000	100.000	43569.000	10113.000	44025.000	505706.000	456.000	0.230
0.002	15150.000	11920.000	100.000	47958.000	11205.000	48455.000	560297.000	497.000	0.230
0.002	15250.000	12000.000	100.000	43067.000	9974.000	43478.000	498761.000	411.000	0.230
0.002	15350.000	12080.000	100.000	45666.000	10616.000	46088.000	530840.000	422.000	0.230
0.002	15450.000	12160.000	100.000	50276.000	11723.000	50780.000	586209.000	504.000	0.230
0.003	15550.000	12240.000	100.000	39418.000	9155.000	39830.000	457785.000	412.000	0.230
0.002	15650.000	12320.000	100.000	43475.000	10077.000	43872.000	503874.000	397.000	0.230
0.002	15750.000	12400.000	100.000	51897.000	12043.000	52441.000	602168.000	544.000	0.230
0.002	15850.000	12480.000	100.000	45461.000	10605.000	45929.000	530281.000	468.000	0.230
0.002	15950.000	12560.000	100.000	55899.000	12988.000	56444.000	649431.000	545.000	0.230
0.002	16050.000	12640.000	100.000	43117.000	10154.000	43548.000	507728.000	431.000	0.230
0.002	16150.000	12720.000	100.000	56792.000	13294.000	57308.000	664746.000	516.000	0.230
0.002	16250.000	12800.000	100.000	45388.000	10404.000	45833.000	520218.000	445.000	0.230
0.002	16350.000	12880.000	100.000	53053.000	12447.000	53534.000	622382.000	481.000	0.230
0.002	16450.000	12960.000	100.000	46659.000	10849.000	47141.000	542494.000	482.000	0.230
0.002	16550.000	13040.000	100.000	52475.000	12179.000	52995.000	608983.000	520.000	0.230
0.002	16650.000	13120.000	100.000	51683.000	12102.000	52195.000	605159.000	512.000	0.230
0.002	16750.000	13200.000	100.000	49279.000	11460.000	49787.000	573063.000	508.000	0.230
0.002	16850.000	13280.000	100.000	43429.000	10098.000	43888.000	504934.000	459.000	0.230
0.002	16950.000	13360.000	100.000	53177.000	12448.000	53642.000	622421.000	465.000	0.230
0.002	17050.000	13440.000	100.000	52212.000	12160.000	52705.000	608035.000	493.000	0.230
0.002	17150.000	13520.000	100.000	52744.000	12224.000	53216.000	611216.000	472.000	0.230
0.002	17250.000	13600.000	100.000	55386.000	12915.000	55900.000	645811.000	514.000	0.230
0.002	17350.000	13680.000	100.000	56655.000	13083.000	57200.000	654206.000	545.000	0.230
0.002	17450.000	13760.000	100.000	52766.000	12299.000	53270.000	614980.000	504.000	0.230
0.002	17550.000	13840.000	100.000	61795.000	14373.000	62361.000	718713.000	566.000	0.230
0.002	17650.000	13920.000	100.000	53328.000	12534.000	53866.000	626759.000	538.000	0.230
0.002	17750.000	14000.000	100.000	53883.000	12576.000	54383.000	628849.000	500.000	0.230
0.002	17850.000	14080.000	100.000	48956.000	11401.000	49409.000	570076.000	453.000	0.230
0.002	17950.000	14160.000	100.000	55601.000	12941.000	56102.000	647112.000	501.000	0.230
0.002	18050.000	14240.000	100.000	57058.000	13178.000	57533.000	658925.000	475.000	0.230
0.002	18150.000	14320.000	100.000	59676.000	13820.000	60201.000	691019.000	525.000	0.230
