P			T(ns)		T(точки)	n	N		Exposition(ms)	Ch1		Ch2		SS	Temp
0.2510912469351629	850.000	480.000	100.000	366.000	66.000	532.000	3348.000	166.000	0.222
0.2772324043853042	950.000	560.000	100.000	336.000	63.000	494.000	3181.000	158.000	0.223
0.2875913144700782	1050.000	640.000	100.000	328.000	59.000	474.000	2989.000	146.000	0.223
0.2509445460085314	1150.000	720.000	100.000	375.000	62.000	518.000	3110.000	143.000	0.223
0.2316799986626211	1250.000	800.000	100.000	405.000	67.000	550.000	3359.000	145.000	0.223
0.20777367294328922	1350.000	880.000	100.000	446.000	77.000	602.000	3852.000	156.000	0.223
0.22275061963238355	1450.000	960.000	100.000	426.000	71.000	564.000	3595.000	138.000	0.223
0.20802307902226033	1550.000	1040.000	100.000	452.000	77.000	599.000	3857.000	145.000	0.223
0.16938438029849495	1650.000	1120.000	100.000	550.000	97.000	704.000	4893.000	154.000	0.223
0.1963426836068683	1750.000	1200.000	100.000	483.000	82.000	622.000	4129.000	139.000	0.223
0.19401418585442498	1850.000	1280.000	100.000	507.000	252.000	646.000	12602.000	139.000	0.223
0.1684511710640119	1950.000	1360.000	100.000	554.000	90.000	702.000	4536.000	148.000	0.223
0.18592095465424238	2050.000	1440.000	100.000	507.000	84.000	649.000	4218.000	142.000	0.223
0.16342571608609616	2150.000	1520.000	100.000	578.000	99.000	720.000	4960.000	142.000	0.223
0.13342552210757722	2250.000	1600.000	100.000	714.000	113.000	847.000	5691.000	133.000	0.223
0.12042330107916678	2350.000	1680.000	100.000	763.000	129.000	929.000	6497.000	161.000	0.223
0.14020472970995404	2450.000	1760.000	100.000	672.000	111.000	814.000	5553.000	142.000	0.223
0.12141450711737206	2550.000	1840.000	100.000	773.000	131.000	919.000	6558.000	146.000	0.223
0.10373038115852999	2650.000	1920.000	100.000	902.000	152.000	1050.000	7630.000	148.000	0.223
0.1263955006488886	2750.000	2000.000	100.000	734.000	126.000	889.000	6321.000	155.000	0.223
0.08953958716018554	2850.000	2080.000	100.000	1022.000	176.000	1187.000	8846.000	165.000	0.223
0.09623357048187478	2950.000	2160.000	100.000	958.000	154.000	1113.000	7706.000	155.000	0.223
0.09525744049371335	3050.000	2240.000	100.000	978.000	165.000	1129.000	8272.000	151.000	0.223
0.11763896596913577	3150.000	2320.000	100.000	808.000	143.000	947.000	7177.000	139.000	0.223
0.06815064984440519	3250.000	2400.000	100.000	1336.000	220.000	1501.000	11038.000	165.000	0.223
0.08626938838887133	3350.000	2480.000	100.000	1085.000	187.000	1234.000	9395.000	149.000	0.223
0.07747976181398222	3450.000	2560.000	100.000	1202.000	206.000	1354.000	10301.000	152.000	0.223
0.07709753221013112	3550.000	2640.000	100.000	1209.000	202.000	1359.000	10113.000	150.000	0.223
0.06868290376988519	3650.000	2720.000	100.000	1345.000	235.000	1504.000	11757.000	159.000	0.223
0.06374285917032722	3750.000	2800.000	100.000	1414.000	240.000	1589.000	12018.000	174.000	0.223
0.0584539429866741	3850.000	2880.000	100.000	1585.000	277.000	1742.000	13876.000	157.000	0.223
0.06371595246629926	3950.000	2960.000	100.000	1439.000	253.000	1604.000	12691.000	165.000	0.223
0.075777450871053	4050.000	3040.000	100.000	1247.000	206.000	1387.000	10307.000	140.000	0.223
0.06289240433802587	4150.000	3120.000	100.000	1459.000	252.000	1622.000	12614.000	163.000	0.223
0.06951097419297753	4250.000	3200.000	100.000	1349.000	226.000	1495.000	11310.000	146.000	0.223
0.056162837278071344	4350.000	3280.000	100.000	1637.000	280.000	1798.000	14024.000	161.000	0.223
0.05368007530620566	4450.000	3360.000	100.000	1713.000	289.000	1873.000	14487.000	160.000	0.222
0.05568282190672442	4550.000	3440.000	100.000	1655.000	269.000	1811.000	13469.000	156.000	0.223
0.047048435613830195	4650.000	3520.000	100.000	1947.000	340.000	2112.000	17019.000	165.000	0.223
0.05342801371658932	4750.000	3600.000	100.000	1743.000	303.000	1896.000	15180.000	153.000	0.223
0.045379675696065734	4850.000	3680.000	100.000	2035.000	349.000	2193.000	17459.000	158.000	0.223
0.049391056773803774	4950.000	3760.000	100.000	1908.000	316.000	2050.000	15816.000	142.000	0.223
0.043582644813794785	5050.000	3840.000	100.000	2055.000	344.000	2232.000	17215.000	177.000	0.223
0.03634083723483607	5150.000	3920.000	100.000	2526.000	426.000	2687.000	21310.000	161.000	0.223
0.037102281272699926	5250.000	4000.000	100.000	2415.000	410.000	2593.000	20531.000	178.000	0.223
0.0373967791228537	5350.000	4080.000	100.000	2452.000	409.000	2613.000	20466.000	161.000	0.223
0.03759176569359506	5450.000	4160.000	100.000	2446.000	407.000	2605.000	20372.000	159.000	0.223
0.03516880001793575	5550.000	4240.000	100.000	2619.000	450.000	2779.000	22528.000	160.000	0.223
0.03783478305471668	5650.000	4320.000	100.000	2446.000	422.000	2603.000	21145.000	157.000	0.223
0.034062847070834276	5750.000	4400.000	100.000	2701.000	459.000	2861.000	22968.000	160.000	0.223
0.025033611869259474	5850.000	4480.000	100.000	3542.000	595.000	3726.000	29800.000	184.000	0.223
0.028967102901932548	5950.000	4560.000	100.000	3070.000	521.000	3253.000	26086.000	183.000	0.223
0.0317785489854837	6050.000	4640.000	100.000	2909.000	481.000	3064.000	24083.000	155.000	0.223
0.03008174732507463	6150.000	4720.000	100.000	3020.000	515.000	3189.000	25786.000	169.000	0.223
0.027824728665708582	6250.000	4800.000	100.000	3264.000	541.000	3431.000	27086.000	167.000	0.223
0.02967660293518694	6350.000	4880.000	100.000	3060.000	514.000	3228.000	25703.000	168.000	0.223
0.02419606111191924	6450.000	4960.000	100.000	3724.000	646.000	3900.000	32330.000	176.000	0.223
0.025868268563359307	6550.000	5040.000	100.000	3522.000	609.000	3690.000	30456.000	168.000	0.223
0.0327698550404492	6650.000	5120.000	100.000	2870.000	491.000	3015.000	24574.000	145.000	0.223
0.02907926539612165	6750.000	5200.000	100.000	3201.000	554.000	3354.000	27727.000	153.000	0.223
0.027558270672714436	6850.000	5280.000	100.000	3355.000	574.000	3512.000	28711.000	157.000	0.223
0.027933002551339764	6950.000	5360.000	100.000	3305.000	565.000	3463.000	28260.000	158.000	0.223
0.017799896373456928	7050.000	5440.000	100.000	4974.000	837.000	5159.000	41856.000	185.000	0.223
0.020748356928639442	7150.000	5520.000	100.000	4388.000	734.000	4554.000	36724.000	166.000	0.223
0.018776132128253936	7250.000	5600.000	100.000	4794.000	815.000	4969.000	40795.000	175.000	0.223
0.02259012297670268	7350.000	5680.000	100.000	4066.000	700.000	4228.000	35003.000	162.000	0.223
0.01763376524763501	7450.000	5760.000	100.000	5022.000	864.000	5209.000	43203.000	187.000	0.223
0.013110098822805023	7550.000	5840.000	100.000	6426.000	1107.000	6646.000	55372.000	220.000	0.223
0.014999665485761014	7650.000	5920.000	100.000	5897.000	1026.000	6086.000	51349.000	189.000	0.223
0.016609560690606533	7750.000	6000.000	100.000	5377.000	912.000	5557.000	45615.000	180.000	0.223
0.020735649411659434	7850.000	6080.000	100.000	4340.000	745.000	4516.000	37300.000	176.000	0.223
0.01636343952918198	7950.000	6160.000	100.000	5572.000	957.000	5739.000	47885.000	167.000	0.223
0.01410092781800447	8050.000	6240.000	100.000	6332.000	1084.000	6513.000	54208.000	181.000	0.223
0.014951908169153592	8150.000	6320.000	100.000	5914.000	1017.000	6102.000	50878.000	188.000	0.223
0.01538341041943844	8250.000	6400.000	100.000	5927.000	1005.000	6093.000	50266.000	166.000	0.223
0.015256532751479344	8350.000	6480.000	100.000	5673.000	973.000	5875.000	48696.000	202.000	0.223
0.014859025747275663	8450.000	6560.000	100.000	5983.000	1014.000	6166.000	50727.000	183.000	0.223
0.009866722629225241	8550.000	6640.000	100.000	8579.000	1479.000	8796.000	73955.000	217.000	0.223
0.012393248594457031	8650.000	6720.000	100.000	7126.000	1203.000	7313.000	60179.000	187.000	0.223
0.013972636800368853	8750.000	6800.000	100.000	6513.000	1129.000	6682.000	56467.000	169.000	0.223
0.012388854373713717	8850.000	6880.000	100.000	7119.000	1203.000	7307.000	60193.000	188.000	0.223
0.013572037911950594	8950.000	6960.000	100.000	6447.000	1108.000	6642.000	55440.000	195.000	0.223
0.011713242649515553	9050.000	7040.000	100.000	7431.000	1272.000	7632.000	63627.000	198.000	0.223
0.01140802263419903	9150.000	7120.000	100.000	7561.000	1306.000	7766.000	65325.000	205.000	0.223
0.012600390618740766	9250.000	7200.000	100.000	7036.000	1195.000	7221.000	59758.000	185.000	0.223
0.01123080862944204	9350.000	7280.000	100.000	7795.000	1344.000	7990.000	67247.000	195.000	0.223
0.00861852458665473	9450.000	7360.000	100.000	9665.000	1651.000	9891.000	82578.000	226.000	0.223
0.008381082799487195	9550.000	7440.000	100.000	10248.000	1773.000	10456.000	88684.000	208.000	0.223
0.0096969431707035	9650.000	7520.000	100.000	8858.000	1546.000	9069.000	77313.000	209.000	0.223
0.009877850833599478	9750.000	7600.000	100.000	8834.000	1480.000	9035.000	74019.000	194.000	0.223
0.009400532791071914	9850.000	7680.000	100.000	9199.000	1598.000	9403.000	79937.000	204.000	0.223
0.008521541329075974	9950.000	7760.000	100.000	10001.000	1702.000	10212.000	85130.000	211.000	0.223
0.009510250920674663	10050.000	7840.000	100.000	9037.000	1556.000	9244.000	77831.000	207.000	0.223
0.010478988000569093	10150.000	7920.000	100.000	8569.000	1481.000	8747.000	74061.000	178.000	0.223
0.008885814737396728	10250.000	8000.000	100.000	9770.000	1692.000	9971.000	84607.000	201.000	0.223
0.009186966004262708	10350.000	8080.000	100.000	9337.000	1617.000	9546.000	80901.000	209.000	0.223
0.008782156678932158	10450.000	8160.000	100.000	9743.000	1666.000	9952.000	83311.000	209.000	0.223
0.008712315290852483	10550.000	8240.000	100.000	9778.000	1687.000	9991.000	84379.000	213.000	0.223
0.00795624502261732	10650.000	8320.000	100.000	10550.000	1826.000	10799.000	91342.000	223.000	0.223
0.007269902622070562	10750.000	8400.000	100.000	11622.000	1970.000	11838.000	98548.000	216.000	0.223
0.007463780961106933	10850.000	8480.000	100.000	11352.000	1951.000	11576.000	97582.000	216.000	0.223
0.006554146674205106	10950.000	8560.000	100.000	12645.000	2158.000	12878.000	107910.000	229.000	0.223
0.00768633401563801	11050.000	8640.000	100.000	11032.000	1918.000	11270.000	95925.000	217.000	0.223
0.006203299169762172	11150.000	8720.000	100.000	13094.000	2228.000	13335.000	111435.000	241.000	0.223
0.009179572401391585	11250.000	8800.000	100.000	9743.000	1688.000	9924.000	84452.000	181.000	0.223
0.005589498916492669	11350.000	8880.000	100.000	14639.000	2564.000	14881.000	128205.000	241.000	0.223
0.006055273068062505	11450.000	8960.000	100.000	13476.000	2334.000	13717.000	116748.000	241.000	0.223
0.006323020699881627	11550.000	9040.000	100.000	13290.000	2279.000	13511.000	114003.000	221.000	0.223
0.00653075043967019	11650.000	9120.000	100.000	12720.000	2192.000	12949.000	109648.000	229.000	0.223
0.0048146135866959806	11750.000	9200.000	100.000	16221.000	2768.000	16486.000	138422.000	265.000	0.223
0.006938905811623781	11850.000	9280.000	100.000	12264.000	2105.000	12477.000	105265.000	213.000	0.223
0.0058716266542506055	11950.000	9360.000	100.000	14096.000	2441.000	14332.000	122064.000	232.000	0.223
0.007053378855837797	12050.000	9440.000	100.000	11907.000	2037.000	12128.000	101867.000	221.000	0.224
0.00535727812058974	12150.000	9520.000	100.000	15533.000	2698.000	15762.000	134908.000	229.000	0.223
0.005056550215889958	12250.000	9600.000	100.000	16133.000	2774.000	16377.000	138733.000	240.000	0.223
0.005367959777177202	12350.000	9680.000	100.000	14871.000	2626.000	15134.000	131344.000	258.000	0.223
0.00571079987045395	12450.000	9760.000	100.000	15561.000	7438.000	15917.000	371944.000	355.000	0.223
0.00561271452918788	12550.000	9840.000	100.000	14354.000	2473.000	14603.000	123661.000	248.000	0.223
0.0051367475022711185	12650.000	9920.000	100.000	15919.000	2711.000	16156.000	135564.000	237.000	0.224
0.004437866209849296	12750.000	10000.000	100.000	17545.000	3013.000	17813.000	150692.000	268.000	0.223
0.005840622522819647	12850.000	10080.000	100.000	14100.000	2439.000	14335.000	121964.000	235.000	0.223
0.005532821387333853	12950.000	10160.000	100.000	14945.000	2560.000	15176.000	128034.000	231.000	0.223
0.004652589949422019	13050.000	10240.000	100.000	17081.000	2970.000	17339.000	148543.000	258.000	0.223
0.0034849254422322914	13150.000	10320.000	100.000	21205.000	3673.000	21505.000	183682.000	300.000	0.223
0.004096702497293375	13250.000	10400.000	100.000	18808.000	3244.000	19083.000	162229.000	275.000	0.224
0.004399152872120458	13350.000	10480.000	100.000	18074.000	3148.000	18332.000	157446.000	258.000	0.223
0.0040693642534800345	13450.000	10560.000	100.000	19170.000	3294.000	19437.000	164752.000	267.000	0.223
0.003881632066918387	13550.000	10640.000	100.000	20168.000	3431.000	20431.000	171554.000	263.000	0.223
0.0035557379090263774	13650.000	10720.000	100.000	21889.000	3794.000	22159.000	189746.000	270.000	0.224
0.003642407585764686	13750.000	10800.000	100.000	20828.000	3592.000	21112.000	179610.000	284.000	0.223
0.003782423529063412	13850.000	10880.000	100.000	20316.000	3476.000	20591.000	173851.000	275.000	0.223
0.0038274981057828724	13950.000	10960.000	100.000	20364.000	3490.000	20631.000	174547.000	267.000	0.224
0.003604290658880348	14050.000	11040.000	100.000	20344.000	3518.000	20648.000	175931.000	304.000	0.224
0.003162591151483534	14150.000	11120.000	100.000	23728.000	4087.000	24018.000	204364.000	290.000	0.224
0.0038561688320326603	14250.000	11200.000	100.000	20223.000	3453.000	20489.000	172699.000	266.000	0.224
0.0029882203836422826	14350.000	11280.000	100.000	24755.000	4242.000	25052.000	212130.000	297.000	0.224
0.0039011094067464714	14450.000	11360.000	100.000	19687.000	3380.000	19963.000	169044.000	276.000	0.224
0.0034053346229577053	14550.000	11440.000	100.000	22825.000	3879.000	23092.000	193962.000	267.000	0.224
0.003160490358037639	14650.000	11520.000	100.000	23134.000	3956.000	23437.000	197810.000	303.000	0.224
0.003132869999869918	14750.000	11600.000	100.000	23489.000	4080.000	23792.000	204023.000	303.000	0.223
0.0030752196535879513	14850.000	11680.000	100.000	24145.000	4139.000	24444.000	206999.000	295.000	0.224
0.003296888737179959	14950.000	11760.000	100.000	22613.000	3917.000	22908.000	195893.000	295.000	0.224
0.003230632488719566	15050.000	11840.000	100.000	23013.000	3940.000	23307.000	197045.000	294.000	0.224
0.003359662879526529	15150.000	11920.000	100.000	21711.000	3755.000	22018.000	187803.000	307.000	0.223
0.003091582035841785	15250.000	12000.000	100.000	24116.000	4140.000	24409.000	207047.000	293.000	0.223
0.004394374738641626	15350.000	12080.000	100.000	18139.000	3151.000	18395.000	157598.000	256.000	0.223
0.002712124951309537	15450.000	12160.000	100.000	26559.000	4595.000	26873.000	229773.000	314.000	0.223
0.0035429786447328505	15550.000	12240.000	100.000	21874.000	3781.000	22146.000	189082.000	272.000	0.223
0.0041255844723978	15650.000	12320.000	100.000	19112.000	3273.000	19372.000	163682.000	260.000	0.224
0.0028475007185666066	15750.000	12400.000	100.000	25750.000	4433.000	26053.000	221697.000	303.000	0.223
0.0030705243782837705	15850.000	12480.000	100.000	24198.000	4174.000	24494.000	208747.000	296.000	0.224
0.0038362865818369904	15950.000	12560.000	100.000	20014.000	3416.000	20299.000	170848.000	275.000	0.224
0.0024771855532942076	16050.000	12640.000	100.000	27727.000	4769.000	28080.000	238457.000	338.000	0.223
0.002986594535013696	16150.000	12720.000	100.000	24840.000	4268.000	25136.000	213452.000	296.000	0.224
0.003052803506181766	16250.000	12800.000	100.000	24333.000	4176.000	24628.000	208845.000	295.000	0.224
0.003139425579084306	16350.000	12880.000	100.000	23469.000	4000.000	23767.000	200016.000	298.000	0.224
0.0033576855899678107	16450.000	12960.000	100.000	23219.000	4046.000	23495.000	202330.000	270.000	0.223
0.002594298724765923	16550.000	13040.000	100.000	27078.000	4673.000	27419.000	233679.000	327.000	0.224
0.0022216392700973426	16650.000	13120.000	100.000	31674.000	5400.000	31997.000	270043.000	323.000	0.223
0.001947323558314815	16750.000	13200.000	100.000	33033.000	5697.000	33405.000	284896.000	372.000	0.223
0.0023770930490515114	16850.000	13280.000	100.000	28290.000	4867.000	28639.000	243367.000	349.000	0.223
0.0020126667897186995	16950.000	13360.000	100.000	32318.000	5546.000	32690.000	277329.000	365.000	0.224
0.002293591966809928	17050.000	13440.000	100.000	31162.000	5407.000	31481.000	270390.000	319.000	0.224
0.0025744859152019755	17150.000	13520.000	100.000	28046.000	4818.000	28357.000	240944.000	311.000	0.224
0.002722205967467026	17250.000	13600.000	100.000	26686.000	4572.000	26993.000	228622.000	307.000	0.224
0.0021658123682301938	17350.000	13680.000	100.000	30833.000	5275.000	31184.000	263787.000	351.000	0.224
0.0023639387652289556	17450.000	13760.000	100.000	29777.000	5100.000	30131.000	255048.000	324.000	0.223
0.002176483668893642	17550.000	13840.000	100.000	31277.000	5347.000	31618.000	267377.000	341.000	0.224
0.002091071252724419	17650.000	13920.000	100.000	31993.000	5530.000	32346.000	276529.000	353.000	0.224
0.0023338756893028227	17750.000	14000.000	100.000	29785.000	5148.000	30118.000	257431.000	333.000	0.224
0.0018977109848363296	17850.000	14080.000	100.000	35551.000	6130.000	35927.000	306545.000	348.000	0.224
0.002382662115236091	17950.000	14160.000	100.000	30000.000	5123.000	30315.000	256156.000	315.000	0.224
0.0017455972844954246	18050.000	14240.000	100.000	36565.000	6290.000	36940.000	314551.000	375.000	0.224
0.001740216075974027	18150.000	14320.000	100.000	37207.000	6380.000	37578.000	319016.000	367.000	0.224
