0.15890083632
0.155297076391
0.158581465373
0.166559485531
0.163739208098
0.156282450675
0.156884561892
0.155302048224
0.143879010832
0.150641801889
0.0512617044914
0.154761904762
0.153864390706
0.145161290323
0.148831488315
0.142989071879
0.146587430218
0.140134187252
0.137614678899
0.140642303433
0.134184942347
0.144432909421
0.136484526112
0.13194928243
0.135984779851
0.131346460883
0.13144354917
0.134381489172
0.127923790083
0.132218339158
0.125540501585
0.12638877945
0.134568739691
0.12858728397
0.132183908046
0.12820878494
0.129288327466
0.134456901032
0.12409659792
0.124901185771
0.125608568647
0.12961557916
0.129654371188
0.126091037072
0.126296819444
0.127675168572
0.127871588455
0.123357599432
0.123102388271
0.124564611634
0.125033557047
0.124702905773
0.127226674418
0.12367175987
0.12667060474
0.12558845271
0.120630992886
0.121158392435
0.122690648653
0.120965124247
0.122322454808
0.12254069356
0.123255925076
0.124006099553
0.121804142665
0.120789646602
0.120570330764
0.12002456115
0.118522269178
0.121823961416
0.121072386059
0.119849639762
0.120148317591
0.119933959668
0.121215135479
0.120646459668
0.121552624835
0.118937191535
0.121520796291
0.118334602511
0.12139285299
0.119805194805
0.119949078222
0.118882510524
0.120837377422
0.118815709251
0.119777664753
0.117901763565
0.117302394164
0.122063254029
0.11763013373
0.119957711735
0.11877015585
0.118105345593
0.117850768849
0.11799606927
0.119456014212
0.118406238519
0.118226007751
0.120124203434
0.118628435572
0.1193401909
0.117487620537
0.119666173105
0.117510538531
0.116071916072
0.117492376743
0.118514425059
0.118096089304
0.119099565098
0.118529425735
0.117413815703
0.119057202038
0.116835176565
0.118046895836
0.115224144232
0.0427940765276
0.118088969036
0.119176182467
0.118208000425
0.117534682365
0.118531015199
0.116727142982
0.117077340186
0.117630016828
0.116433570875
0.117977323492
0.119093696445
0.116782435466
0.117543566617
0.11844050365
0.118197390961
0.117364193917
0.117525591591
0.118639945802
0.118097393108
0.118093514115
0.119054247739
0.118482382084
0.116614303289
0.118087526993
0.116941391474
0.118282625796
0.117239873697
0.11789110685
0.116721024378
0.1169545595
0.117123787563
0.118351437544
0.117516249656
0.117338213244
0.118813214085
0.117757079893
0.11775949628
0.117924776748
0.11882549396
0.116122176642
0.117336174838
0.118488537011
0.11725331349
0.117678239038
0.117874437942
0.116428122342
0.117691247759
0.118068252399
0.118216591417
0.11813854647
0.11825250489
0.116971456882
0.116994456767
0.1171997586
0.118345851747
0.117437235933
0.117793464905
