P			T(ns)		T(точки)	n	N		Exposition(ms)	Ch1		Ch2		SS	Temp
0.2086428663195363	850.000		480.000		100.000	452.000		102.000		611.000		5136.000	159.000	0.230
0.18392512595411145	950.000		560.000		100.000	518.000		122.000		669.000		6107.000	151.000	0.230
0.18132276903619388	1050.000	640.000		100.000	522.000		121.000		679.000		6084.000	157.000	0.230
0.12747293722989894	1150.000	720.000		100.000	739.000		177.000		903.000		8897.000	164.000	0.230
0.1383923032200199	1250.000	800.000		100.000	683.000		145.000		836.000		7291.000	153.000	0.230
0.12962327968111265	1350.000	880.000		100.000	734.000		168.000		885.000		8442.000	151.000	0.230
0.14239378386084972	1450.000	960.000		100.000	672.000		153.000		817.000		7686.000	145.000	0.230
0.09857333242208857	1550.000	1040.000	100.000	944.000		217.000		1117.000	10864.000	173.000	0.230
0.0902987134689845	1650.000	1120.000	100.000	1040.000	232.000		1202.000	11629.000	162.000	0.230
0.08067494576190659	1750.000	1200.000	100.000	1158.000	255.000		1324.000	12776.000	166.000	0.230
0.07367997945323018	1850.000	1280.000	100.000	1268.000	299.000		1439.000	14963.000	171.000	0.230
0.07188291650225657	1950.000	1360.000	100.000	1315.000	300.000		1472.000	15008.000	157.000	0.230
0.0815805655088932	2050.000	1440.000	100.000	1165.000	272.000		1318.000	13617.000	153.000	0.230
0.06166537354523839	2150.000	1520.000	100.000	1525.000	357.000		1689.000	17900.000	164.000	0.230
0.06103588586955521	2250.000	1600.000	100.000	1539.000	355.000		1703.000	17777.000	164.000	0.230
0.05271586749670974	2350.000	1680.000	100.000	1789.000	425.000		1951.000	21278.000	162.000	0.230
0.062454165617085236	2450.000	1760.000	100.000	1524.000	359.000		1676.000	17966.000	152.000	0.230
0.050402539207066825	2550.000	1840.000	100.000	1856.000	434.000		2025.000	21702.000	169.000	0.230
0.04575752262475189	2650.000	1920.000	100.000	2023.000	459.000		2200.000	22981.000	177.000	0.230
0.04251689675382402	2750.000	2000.000	100.000	2206.000	513.000		2372.000	25660.000	166.000	0.230
0.04814302673855903	2850.000	2080.000	100.000	1967.000	447.000		2122.000	22369.000	155.000	0.230
0.03796554074125685	2950.000	2160.000	100.000	2463.000	565.000		2631.000	28266.000	168.000	0.230
0.036543152546148226	3050.000	2240.000	100.000	2569.000	605.000		2735.000	30271.000	166.000	0.230
0.029273255828982395	3150.000	2320.000	100.000	3116.000	707.000		3307.000	35395.000	191.000	0.230
0.03149888146607399	3250.000	2400.000	100.000	2993.000	687.000		3153.000	34367.000	160.000	0.230
0.029194932287386437	3350.000	2480.000	100.000	3164.000	743.000		3346.000	37180.000	182.000	0.230
0.027743864946469108	3450.000	2560.000	100.000	3321.000	759.000		3503.000	37956.000	182.000	0.230
0.028862841716392258	3550.000	2640.000	100.000	3189.000	737.000		3373.000	36857.000	184.000	0.230
0.024322736721346695	3650.000	2720.000	100.000	3786.000	869.000		3969.000	43492.000	183.000	0.230
0.024646954144852167	3750.000	2800.000	100.000	3771.000	877.000		3946.000	43852.000	175.000	0.230
0.024424751377095457	3850.000	2880.000	100.000	3801.000	893.000		3978.000	44669.000	177.000	0.230
0.017812125656101976	3950.000	2960.000	100.000	5120.000	1195.000	5314.000	59799.000	194.000	0.230
0.019813080025660023	4050.000	3040.000	100.000	4618.000	1059.000	4807.000	52953.000	189.000	0.230
0.016647242001725675	4150.000	3120.000	100.000	5534.000	1263.000	5716.000	63164.000	182.000	0.230
0.01617269515028969	4250.000	3200.000	100.000	5606.000	1289.000	5804.000	64453.000	198.000	0.230
0.016136324182640046	4350.000	3280.000	100.000	5621.000	1285.000	5818.000	64263.000	197.000	0.230
0.013507481352328616	4450.000	3360.000	100.000	6628.000	1537.000	6839.000	76880.000	211.000	0.230
0.014017374092134762	4550.000	3440.000	100.000	6447.000	1521.000	6651.000	76072.000	204.000	0.230
0.013839611862623863	4650.000	3520.000	100.000	6520.000	1505.000	6723.000	75287.000	203.000	0.230
0.013681351796000782	4750.000	3600.000	100.000	6713.000	1566.000	6900.000	78311.000	187.000	0.230
0.012360456987868414	4850.000	3680.000	100.000	7458.000	1714.000	7640.000	85705.000	182.000	0.230
0.009679407864048589	4950.000	3760.000	100.000	9158.000	2166.000	9381.000	108351.000	223.000	0.230
0.009053798209848914	5050.000	3840.000	100.000	9662.000	2261.000	9896.000	113055.000	234.000	0.230
0.010182932762623177	5150.000	3920.000	100.000	8855.000	2086.000	9061.000	104340.000	206.000	0.230
0.010799904156451191	5250.000	4000.000	100.000	8325.000	1981.000	8535.000	99076.000	210.000	0.230
0.010103577249590164	5350.000	4080.000	100.000	8886.000	2073.000	9095.000	103662.000	209.000	0.230
0.008618261465392648	5450.000	4160.000	100.000	9892.000	2317.000	10150.000	115867.000	258.000	0.230
0.010498602498715934	5550.000	4240.000	100.000	8491.000	1968.000	8706.000	98435.000	215.000	0.230
0.007730655823865054	5650.000	4320.000	100.000	11144.000	2540.000	11388.000	127013.000	244.000	0.230
0.008647765765360495	5750.000	4400.000	100.000	10285.000	2400.000	10503.000	120039.000	218.000	0.230
0.006731804294462162	5850.000	4480.000	100.000	12661.000	2910.000	12916.000	145541.000	255.000	0.230
0.005872567216215313	5950.000	4560.000	100.000	14274.000	3374.000	14549.000	168707.000	275.000	0.230
0.007213926240697152	6050.000	4640.000	100.000	12161.000	2819.000	12391.000	140991.000	230.000	0.230
0.006706760006139565	6150.000	4720.000	100.000	12815.000	2991.000	13065.000	149602.000	250.000	0.230
0.0070722538713833515	6250.000	4800.000	100.000	12249.000	2846.000	12491.000	142324.000	242.000	0.230
0.0068178711141958686	6350.000	4880.000	100.000	12775.000	3008.000	13014.000	150410.000	239.000	0.230
0.0064688756116625615	6450.000	4960.000	100.000	13251.000	3067.000	13502.000	153361.000	251.000	0.230
0.00509415386336223	6550.000	5040.000	100.000	16201.000	3773.000	16487.000	188694.000	286.000	0.230
0.005567381501309438	6650.000	5120.000	100.000	15069.000	3482.000	15339.000	174132.000	270.000	0.230
0.004208024989023144	6750.000	5200.000	100.000	18927.000	4451.000	19246.000	222566.000	319.000	0.230
0.005678882772283887	6850.000	5280.000	100.000	14861.000	3515.000	15130.000	175792.000	269.000	0.230
0.004503202273522332	6950.000	5360.000	100.000	18547.000	4310.000	18822.000	215507.000	275.000	0.230
0.003537898212209549	7050.000	5440.000	100.000	22089.000	5132.000	22421.000	256612.000	332.000	0.230
0.0038189905884829893	7150.000	5520.000	100.000	20982.000	4896.000	21294.000	244847.000	312.000	0.230
0.004280145759551641	7250.000	5600.000	100.000	18861.000	4409.000	19167.000	220466.000	306.000	0.230
0.004254045598232826	7350.000	5680.000	100.000	19571.000	4552.000	19849.000	227623.000	278.000	0.230
0.003996906594652063	7450.000	5760.000	100.000	20121.000	4698.000	20430.000	234915.000	309.000	0.230
0.003953321577824065	7550.000	5840.000	100.000	19777.000	4583.000	20108.000	229195.000	331.000	0.230
0.003992413948395268	7650.000	5920.000	100.000	20454.000	4758.000	20749.000	237941.000	295.000	0.230
0.0034661206230332895	7750.000	6000.000	100.000	22725.000	5270.000	23050.000	263542.000	325.000	0.230
0.004581197610362515	7850.000	6080.000	100.000	18472.000	4285.000	18735.000	214291.000	263.000	0.230
0.00328471005671064	7950.000	6160.000	100.000	23811.000	5503.000	24141.000	275169.000	330.000	0.230
0.0037328434475385535	8050.000	6240.000	100.000	21505.000	4987.000	21814.000	249363.000	309.000	0.230
0.003967933487666038	8150.000	6320.000	100.000	20425.000	4761.000	20727.000	238091.000	302.000	0.230
0.0037058776878906696	8250.000	6400.000	100.000	21704.000	5025.000	22011.000	251304.000	307.000	0.230
0.004142544188885207	8350.000	6480.000	100.000	19602.000	4542.000	19901.000	227115.000	299.000	0.230
0.003180287020771286	8450.000	6560.000	100.000	24454.000	5615.000	24787.000	280773.000	333.000	0.230
0.003851169402295346	8550.000	6640.000	100.000	20932.000	4931.000	21241.000	246584.000	309.000	0.230
0.004151126863987153	8650.000	6720.000	100.000	19742.000	4595.000	20034.000	229758.000	292.000	0.230
0.0025383200711291986	8750.000	6800.000	100.000	28771.000	6634.000	29155.000	331736.000	384.000	0.230
0.0032672892185086773	8850.000	6880.000	100.000	23650.000	5571.000	23995.000	278582.000	345.000	0.230
0.002645418437958405	8950.000	6960.000	100.000	28890.000	6778.000	29243.000	338944.000	353.000	0.230
0.0028183771565799573	9050.000	7040.000	100.000	26957.000	6261.000	27312.000	313077.000	355.000	0.230
0.003714043476183797	9150.000	7120.000	100.000	21394.000	4947.000	21711.000	247397.000	317.000	0.230
0.0024611235089997863	9250.000	7200.000	100.000	30021.000	6991.000	30399.000	349606.000	378.000	0.230
0.002447491098667341	9350.000	7280.000	100.000	30289.000	7022.000	30663.000	351118.000	374.000	0.230
0.0031307883885662263	9450.000	7360.000	100.000	24877.000	5829.000	25214.000	291472.000	337.000	0.230
0.0029730942101575575	9550.000	7440.000	100.000	26366.000	6114.000	26695.000	305747.000	329.000	0.230
0.002482607195986853	9650.000	7520.000	100.000	29911.000	6988.000	30286.000	349439.000	375.000	0.230
0.002423826153711589	9750.000	7600.000	100.000	30332.000	7020.000	30712.000	351057.000	380.000	0.230
0.0032535686829394733	9850.000	7680.000	100.000	24636.000	5805.000	24950.000	290299.000	314.000	0.230
0.0026225257170448143	9950.000	7760.000	100.000	29456.000	6855.000	29798.000	342778.000	342.000	0.230
0.0025638158714609183	10050.000	7840.000	100.000	29647.000	6944.000	30004.000	347242.000	357.000	0.230
0.002309341620839346	10150.000	7920.000	100.000	31693.000	7442.000	32081.000	372147.000	388.000	0.230
0.0021403607176336144	10250.000	8000.000	100.000	34463.000	8044.000	34843.000	402254.000	380.000	0.230
0.003173845263166877	10350.000	8080.000	100.000	24863.000	5826.000	25189.000	291311.000	326.000	0.230
0.0026683662977643606	10450.000	8160.000	100.000	28880.000	6772.000	29226.000	338611.000	346.000	0.230
0.00262993368882229	10550.000	8240.000	100.000	29329.000	6948.000	29677.000	347416.000	348.000	0.230
0.0018933196408864215	10650.000	8320.000	100.000	37157.000	8638.000	37572.000	431912.000	415.000	0.230
0.0024331924142374332	10750.000	8400.000	100.000	31132.000	7221.000	31489.000	361069.000	357.000	0.230
0.002206664258540369	10850.000	8480.000	100.000	33016.000	7714.000	33406.000	385741.000	390.000	0.230
0.0024962053237582247	10950.000	8560.000	100.000	30507.000	7108.000	30861.000	355427.000	354.000	0.230
0.0018145716363530816	11050.000	8640.000	100.000	38159.000	8876.000	38586.000	443845.000	427.000	0.230
0.001685530440248153	11150.000	8720.000	100.000	39841.000	9335.000	40293.000	466794.000	452.000	0.230
0.0019209651079530215	11250.000	8800.000	100.000	34993.000	8150.000	35442.000	407558.000	449.000	0.230
0.0017491980852937094	11350.000	8880.000	100.000	39215.000	9100.000	39648.000	455025.000	433.000	0.230
0.0025781019639829856	11450.000	8960.000	100.000	29466.000	6890.000	29823.000	344556.000	357.000	0.230
0.0016974069451249122	11550.000	9040.000	100.000	40308.000	9433.000	40746.000	471711.000	438.000	0.230
0.002706810832653372	11650.000	9120.000	100.000	28072.000	6569.000	28429.000	328496.000	357.000	0.230
0.002128131848152766	11750.000	9200.000	100.000	34879.000	8194.000	35256.000	409749.000	377.000	0.230
0.0017377004045075117	11850.000	9280.000	100.000	39486.000	9218.000	39921.000	460953.000	435.000	0.230
0.001874483932568292	11950.000	9360.000	100.000	38940.000	9112.000	39329.000	455625.000	389.000	0.230
0.0018763888653275317	12050.000	9440.000	100.000	37731.000	8842.000	38144.000	442149.000	413.000	0.230
0.0020252568090305166	12150.000	9520.000	100.000	34687.000	8108.000	35105.000	405460.000	418.000	0.230
0.002070588948526708	12250.000	9600.000	100.000	34404.000	8031.000	34811.000	401607.000	407.000	0.230
0.001822408168311877	12350.000	9680.000	100.000	38153.000	8876.000	38577.000	443854.000	424.000	0.230
0.0017524763112292986	12450.000	9760.000	100.000	38277.000	8904.000	38727.000	445226.000	450.000	0.230
0.001979202682702268	12550.000	9840.000	100.000	36237.000	8515.000	36641.000	425777.000	404.000	0.230
0.002027395506333616	12650.000	9920.000	100.000	35235.000	8278.000	35642.000	413924.000	407.000	0.230
0.0012655970995312058	12750.000	10000.000	100.000	48873.000	11457.000	49382.000	572881.000	509.000	0.230
0.001725158190977592	12850.000	10080.000	100.000	39286.000	9148.000	39729.000	457437.000	443.000	0.230
0.0016501643406943572	12950.000	10160.000	100.000	40600.000	9472.000	41052.000	473623.000	452.000	0.230
0.0011487274934559918	13050.000	10240.000	100.000	49973.000	11745.000	50531.000	587309.000	558.000	0.230
0.0017291614957753686	13150.000	10320.000	100.000	40088.000	9294.000	40513.000	464730.000	425.000	0.230
0.0019243135517162996	13250.000	10400.000	100.000	36190.000	8472.000	36615.000	423611.000	425.000	0.230
0.001680045228122705	13350.000	10480.000	100.000	41537.000	9683.000	41959.000	484181.000	422.000	0.230
0.0016250955524754877	13450.000	10560.000	100.000	41391.000	9602.000	41838.000	480138.000	447.000	0.230
0.0016105054126993583	13550.000	10640.000	100.000	42257.000	9760.000	42694.000	488044.000	437.000	0.230
0.002185496066105372	13650.000	10720.000	100.000	34543.000	8076.000	34905.000	403845.000	362.000	0.230
0.0014697354873642137	13750.000	10800.000	100.000	44749.000	10385.000	45212.000	519289.000	463.000	0.230
0.0016234176202018587	13850.000	10880.000	100.000	42683.000	9971.000	43111.000	498596.000	428.000	0.230
0.001241451657942575	13950.000	10960.000	100.000	49997.000	11649.000	50501.000	582509.000	504.000	0.230
0.0014823309869873831	14050.000	11040.000	100.000	45575.000	10688.000	46023.000	534439.000	448.000	0.230
0.001998782284634586	14150.000	11120.000	100.000	36469.000	8505.000	36858.000	425290.000	389.000	0.230
0.0019633831316893517	14250.000	11200.000	100.000	36082.000	8369.000	36491.000	418469.000	409.000	0.230
0.001873933821790148	14350.000	11280.000	100.000	38178.000	8920.000	38582.000	446026.000	404.000	0.230
0.0016042787537467044	14450.000	11360.000	100.000	44011.000	10282.000	44425.000	514155.000	414.000	0.230
0.0018500102424532556	14550.000	11440.000	100.000	38921.000	9119.000	39321.000	455995.000	400.000	0.230
0.0016415921487464907	14650.000	11520.000	100.000	41778.000	9691.000	42214.000	484590.000	433.000	0.230
0.0012257083295652907	14750.000	11600.000	100.000	50790.000	11860.000	51293.000	593052.000	503.000	0.230
0.0013365849704778854	14850.000	11680.000	100.000	48735.000	11263.000	49203.000	563184.000	468.000	0.230
0.0014413713599578989	14950.000	11760.000	100.000	45750.000	10559.000	46209.000	528004.000	459.000	0.230
0.0013454750247590432	15050.000	11840.000	100.000	48052.000	11265.000	48531.000	563275.000	479.000	0.230
0.0017632048711349719	15150.000	11920.000	100.000	39687.000	9253.000	40107.000	462681.000	420.000	0.230
0.001369286893552452	15250.000	12000.000	100.000	47774.000	11177.000	48244.000	558893.000	470.000	0.230
0.0012423163680850557	15350.000	12080.000	100.000	50057.000	11644.000	50559.000	582221.000	502.000	0.230
0.0015454697425433218	15450.000	12160.000	100.000	43028.000	10082.000	43487.000	504113.000	459.000	0.230
0.0011219093168718672	15550.000	12240.000	100.000	53605.000	12475.000	54129.000	623813.000	524.000	0.230
0.0015019504602394379	15650.000	12320.000	100.000	45855.000	10727.000	46288.000	536400.000	433.000	0.230
0.0011554715160588755	15750.000	12400.000	100.000	51024.000	11960.000	51564.000	598022.000	540.000	0.230
0.0011824510510715083	15850.000	12480.000	100.000	53610.000	12582.000	54107.000	629120.000	493.000	0.230
0.0012094868005098393	15950.000	12560.000	100.000	51135.000	11932.000	51642.000	596623.000	507.000	0.230
0.0011532002870274065	16050.000	12640.000	100.000	52634.000	12221.000	53151.000	611082.000	517.000	0.230
0.0013954376859604202	16150.000	12720.000	100.000	46796.000	10807.000	47262.000	540392.000	466.000	0.230
0.0008728486046266201	16250.000	12800.000	100.000	61377.000	14394.000	61975.000	719736.000	598.000	0.230
0.0014101018160530075	16350.000	12880.000	100.000	45846.000	10746.000	46325.000	537343.000	479.000	0.230
0.0016958015806880031	16450.000	12960.000	100.000	40298.000	9460.000	40738.000	473027.000	440.000	0.230
0.0009440858646621584	16550.000	13040.000	100.000	58997.000	13750.000	59569.000	687563.000	572.000	0.230
0.0012784240678690487	16650.000	13120.000	100.000	51447.000	12000.000	51912.000	600052.000	465.000	0.230
0.001454554024367456	16750.000	13200.000	100.000	45729.000	10637.000	46185.000	531907.000	456.000	0.230
0.0012064270230242335	16850.000	13280.000	100.000	50629.000	11731.000	51141.000	586581.000	512.000	0.230
0.0012161219735248722	16950.000	13360.000	100.000	53226.000	12442.000	53705.000	622146.000	477.000	0.230
0.0012623625263979484	17050.000	13440.000	100.000	51126.000	11922.000	51604.000	596117.000	478.000	0.230
0.0011825289588484709	17150.000	13520.000	100.000	52008.000	12198.000	52521.000	609926.000	513.000	0.230
0.001314782794058335	17250.000	13600.000	100.000	48241.000	11226.000	48730.000	561337.000	489.000	0.230
0.0013132898508969254	17350.000	13680.000	100.000	50129.000	11654.000	50605.000	582728.000	463.000	0.230
0.0011247864859307535	17450.000	13760.000	100.000	53567.000	12499.000	54091.000	624969.000	524.000	0.230
0.001447965593642019	17550.000	13840.000	100.000	45932.000	10737.000	46390.000	536904.000	458.000	0.230
0.0009742989801310713	17650.000	13920.000	100.000	59168.000	13840.000	59721.000	692023.000	553.000	0.230
0.001130637242812274	17750.000	14000.000	100.000	54120.000	12600.000	54633.000	630044.000	513.000	0.230
0.0015185435259627757	17850.000	14080.000	100.000	46033.000	10770.000	46455.000	538530.000	422.000	0.230
0.0010986510569010281	17950.000	14160.000	100.000	56126.000	13068.000	56634.000	653443.000	508.000	0.230
0.0010112656015533962	18050.000	14240.000	100.000	57722.000	13467.000	58266.000	673383.000	544.000	0.230
0.0011032947512185508	18150.000	14320.000	100.000	55140.000	12872.000	55658.000	643648.000	518.000	0.230
