P			T(ns)		T(точки)	n	N		Exposition(ms)	Ch1		Ch2		SS	Temp
0.29928403521440533	850.000		480.000		100.000	305.000		48.000		466.000		2439.000	161.000	0.220
0.35996372330777476	950.000		560.000		100.000	260.000		42.000		406.000		2126.000	146.000	0.220
0.29140059599829715	1050.000	640.000		100.000	324.000		54.000		465.000		2702.000	141.000	0.221
0.27092523577730454	1150.000	720.000		100.000	346.000		55.000		490.000		2778.000	144.000	0.221
0.29599786321131444	1250.000	800.000		100.000	323.000		53.000		455.000		2676.000	132.000	0.221
0.29696296216120005	1350.000	880.000		100.000	333.000		156.000		458.000		7824.000	125.000	0.221
0.2330455868265541	1450.000	960.000		100.000	402.000		62.000		545.000		3139.000	143.000	0.221
0.2558380636618388	1550.000	1040.000	100.000	370.000		60.000		508.000		3003.000	138.000	0.221
0.2316062155226414	1650.000	1120.000	100.000	409.000		68.000		548.000		3434.000	139.000	0.221
0.194394520814106	1750.000	1200.000	100.000	476.000		82.000		633.000		4109.000	157.000	0.221
0.24123075014911052	1850.000	1280.000	100.000	394.000		63.000		529.000		3177.000	135.000	0.221
0.19098204908241068	1950.000	1360.000	100.000	493.000		80.000		635.000		4035.000	142.000	0.221
0.1620847301586747	2050.000	1440.000	100.000	572.000		91.000		723.000		4575.000	151.000	0.221
0.1854310387234545	2150.000	1520.000	100.000	531.000		245.000		665.000		12284.000	134.000	0.221
0.16209742446520894	2250.000	1600.000	100.000	580.000		98.000		725.000		4942.000	145.000	0.221
0.17288751691774001	2350.000	1680.000	100.000	541.000		86.000		686.000		4305.000	145.000	0.221
0.15314899906528193	2450.000	1760.000	100.000	615.000		103.000		758.000		5164.000	143.000	0.221
0.17716198700848518	2550.000	1840.000	100.000	544.000		88.000		670.000		4447.000	126.000	0.221
0.16931006401815504	2650.000	1920.000	100.000	556.000		96.000		701.000		4823.000	145.000	0.221
0.13896601660917274	2750.000	2000.000	100.000	668.000		108.000		819.000		5419.000	151.000	0.221
0.15092877224289153	2850.000	2080.000	100.000	622.000		107.000		769.000		5397.000	147.000	0.221
0.16147727787252666	2950.000	2160.000	100.000	590.000		101.000		727.000		5082.000	136.000	0.221
0.1416371791405587	3050.000	2240.000	100.000	663.000		104.000		805.000		5232.000	142.000	0.221
0.09127782301657772	3150.000	2320.000	100.000	1019.000	169.000		1170.000	8456.000	151.000	0.221
0.12116145803586417	3250.000	2400.000	100.000	774.000		134.000		922.000		6746.000	148.000	0.221
0.09405584446473823	3350.000	2480.000	100.000	955.000		161.000		1131.000	8087.000	176.000	0.221
0.12086815559506052	3450.000	2560.000	100.000	792.000		134.000		924.000		6724.000	132.000	0.221
0.11030420220997843	3550.000	2640.000	100.000	851.000		141.000		996.000		7097.000	145.000	0.221
0.10721753098964641	3650.000	2720.000	100.000	873.000		145.000		1020.000	7285.000	147.000	0.221
0.08383625808518512	3750.000	2800.000	100.000	1110.000	185.000		1261.000	9265.000	151.000	0.221
0.09412512140848553	3850.000	2880.000	100.000	993.000		171.000		1143.000	8592.000	150.000	0.221
0.09167513771504361	3950.000	2960.000	100.000	1035.000	170.000		1172.000	8520.000	137.000	0.221
0.06879083030583664	4050.000	3040.000	100.000	1318.000	215.000		1485.000	10779.000	167.000	0.221
0.0836523585387329	4150.000	3120.000	100.000	1113.000	190.000		1265.000	9507.000	152.000	0.221
0.08182269940645452	4250.000	3200.000	100.000	1143.000	199.000		1293.000	9967.000	150.000	0.221
0.0686768119385138	4350.000	3280.000	100.000	1346.000	219.000		1500.000	10959.000	154.000	0.221
0.08462383751119146	4450.000	3360.000	100.000	1118.000	188.000		1258.000	9414.000	140.000	0.221
0.06880780370413546	4550.000	3440.000	100.000	1338.000	229.000		1498.000	11455.000	160.000	0.221
0.06178846873774186	4650.000	3520.000	100.000	1476.000	247.000		1641.000	12378.000	165.000	0.221
0.06919067214027659	4750.000	3600.000	100.000	1331.000	211.000		1486.000	10589.000	155.000	0.221
0.06717393564256126	4850.000	3680.000	100.000	1368.000	226.000		1527.000	11325.000	159.000	0.221
0.060771020087577975	4950.000	3760.000	100.000	1533.000	245.000		1681.000	12294.000	148.000	0.221
0.07192199464849865	5050.000	3840.000	100.000	1303.000	220.000		1450.000	11046.000	147.000	0.221
0.04817076611096545	5150.000	3920.000	100.000	1911.000	322.000		2070.000	16101.000	159.000	0.221
0.06037621186006842	5250.000	4000.000	100.000	1529.000	257.000		1686.000	12870.000	157.000	0.221
0.05837937029788246	5350.000	4080.000	100.000	1590.000	266.000		1752.000	13332.000	153.000	0.221
0.04985931831459088	5450.000	4160.000	100.000	1883.000	327.000		2030.000	16356.000	147.000	0.221
0.053223493135199015	5550.000	4240.000	100.000	1751.000	287.000		1900.000	14358.000	149.000	0.221
0.04663591659911189	5650.000	4320.000	100.000	1945.000	323.000		2113.000	16177.000	168.000	0.221
0.04698831184373892	5750.000	4400.000	100.000	1940.000	319.000		2104.000	15981.000	164.000	0.221
0.039722665894925194	5850.000	4480.000	100.000	2295.000	378.000		2459.000	18917.000	164.000	0.221
0.04534112983336008	5950.000	4560.000	100.000	2019.000	336.000		2181.000	16822.000	162.000	0.221
0.05008796754735581	6050.000	4640.000	100.000	1848.000	310.000		2003.000	15514.000	155.000	0.221
0.046836928232766716	6150.000	4720.000	100.000	1975.000	329.000		2130.000	16464.000	155.000	0.221
0.043076708504455614	6250.000	4800.000	100.000	2120.000	369.000		2290.000	18489.000	167.000	0.221
0.04110951563835362	6350.000	4880.000	100.000	2236.000	371.000		2395.000	18565.000	159.000	0.221
0.032853242201617186	6450.000	4960.000	100.000	2763.000	468.000		2932.000	23426.000	169.000	0.221
0.03974071971198009	6550.000	5040.000	100.000	2290.000	381.000		2456.000	19095.000	166.000	0.221
0.035966857983073926	6650.000	5120.000	100.000	2550.000	426.000		2711.000	21326.000	161.000	0.221
0.03403749955443429	6750.000	5200.000	100.000	2666.000	456.000		2836.000	22828.000	170.000	0.221
0.03291218199574356	6850.000	5280.000	100.000	2783.000	466.000		2945.000	23311.000	162.000	0.221
0.037132149978531065	6950.000	5360.000	100.000	2455.000	415.000		2622.000	20783.000	166.000	0.221
0.031504816159466376	7050.000	5440.000	100.000	2918.000	492.000		3078.000	24616.000	160.000	0.221
0.031558304430946815	7150.000	5520.000	100.000	2878.000	477.000		3045.000	23894.000	167.000	0.221
0.032600486731916574	7250.000	5600.000	100.000	2769.000	459.000		2940.000	22976.000	171.000	0.221
0.02888649286628641	7350.000	5680.000	100.000	3140.000	522.000		3308.000	26108.000	168.000	0.221
0.029465775377741622	7450.000	5760.000	100.000	3077.000	509.000		3245.000	25494.000	168.000	0.221
0.025665366582068184	7550.000	5840.000	100.000	3538.000	593.000		3706.000	29700.000	168.000	0.221
0.022389441182116825	7650.000	5920.000	100.000	3953.000	643.000		4135.000	32153.000	182.000	0.221
0.027615490489640265	7750.000	6000.000	100.000	3303.000	547.000		3467.000	27363.000	164.000	0.221
0.026606327567206083	7850.000	6080.000	100.000	3441.000	557.000		3601.000	27881.000	160.000	0.221
0.02440452192056344	7950.000	6160.000	100.000	3660.000	600.000		3837.000	30049.000	177.000	0.221
0.027153780071005194	8050.000	6240.000	100.000	3588.000	1661.000	3745.000	83097.000	157.000	0.221
0.020715773896450337	8150.000	6320.000	100.000	4250.000	689.000		4435.000	34460.000	185.000	0.221
0.022323276000866463	8250.000	6400.000	100.000	3954.000	645.000		4138.000	32260.000	184.000	0.221
0.023203922066680985	8350.000	6480.000	100.000	3849.000	617.000		4024.000	30858.000	175.000	0.221
0.022866570289871352	8450.000	6560.000	100.000	3914.000	652.000		4091.000	32616.000	177.000	0.221
0.018434939318636698	8550.000	6640.000	100.000	4808.000	798.000		4991.000	39922.000	183.000	0.221
0.018331519918079693	8650.000	6720.000	100.000	4769.000	793.000		4961.000	39654.000	192.000	0.221
0.02111018900956284	8750.000	6800.000	100.000	4254.000	719.000		4430.000	35959.000	176.000	0.221
0.020978027120479227	8850.000	6880.000	100.000	4562.000	2129.000	4758.000	106453.000	196.000	0.221
0.02130100390957821	8950.000	6960.000	100.000	4276.000	708.000		4441.000	35446.000	165.000	0.221
0.021542521505497975	9050.000	7040.000	100.000	4210.000	699.000		4378.000	34973.000	168.000	0.221
0.017460190395926063	9150.000	7120.000	100.000	5168.000	854.000		5339.000	42741.000	171.000	0.221
0.02029753748918605	9250.000	7200.000	100.000	4525.000	756.000		4685.000	37823.000	160.000	0.221
0.013639550291747328	9350.000	7280.000	100.000	6348.000	1063.000	6547.000	53191.000	199.000	0.221
0.017628641573583365	9450.000	7360.000	100.000	5081.000	861.000		5259.000	43083.000	178.000	0.221
0.013414930176254253	9550.000	7440.000	100.000	6572.000	1108.000	6760.000	55430.000	188.000	0.221
0.01602764951196831	9650.000	7520.000	100.000	5431.000	888.000		5624.000	44422.000	193.000	0.221
0.015210068913991742	9750.000	7600.000	100.000	5805.000	969.000		5991.000	48454.000	186.000	0.221
0.014313028020124094	9850.000	7680.000	100.000	6099.000	1024.000	6293.000	51224.000	194.000	0.221
0.01534018377641255	9950.000	7760.000	100.000	5982.000	1005.000	6143.000	50293.000	161.000	0.221
0.01516026002298773	10050.000	7840.000	100.000	6062.000	1019.000	6222.000	50974.000	160.000	0.221
0.01391465217226737	10150.000	7920.000	100.000	6423.000	1095.000	6603.000	54779.000	180.000	0.221
0.01411271213521201	10250.000	8000.000	100.000	6151.000	1046.000	6350.000	52309.000	199.000	0.221
0.011357620725877293	10350.000	8080.000	100.000	7832.000	1319.000	8014.000	65967.000	182.000	0.221
0.010603063341513057	10450.000	8160.000	100.000	8237.000	1387.000	8431.000	69384.000	194.000	0.221
0.013474771060759871	10550.000	8240.000	100.000	6628.000	1099.000	6806.000	54993.000	178.000	0.221
0.009773746850083639	10650.000	8320.000	100.000	8728.000	1469.000	8937.000	73469.000	209.000	0.221
0.013594168021459442	10750.000	8400.000	100.000	6501.000	1080.000	6686.000	54038.000	185.000	0.221
0.010299785512174413	10850.000	8480.000	100.000	8265.000	1410.000	8477.000	70507.000	212.000	0.221
0.011454983638094666	10950.000	8560.000	100.000	7674.000	1282.000	7863.000	64145.000	189.000	0.221
0.01081206637889673	11050.000	8640.000	100.000	7951.000	1326.000	8154.000	66309.000	203.000	0.221
0.008892626701416186	11150.000	8720.000	100.000	9260.000	1580.000	9495.000	79021.000	233.000	0.221
0.012133738881036096	11250.000	8800.000	100.000	7386.000	1215.000	7561.000	60752.000	175.000	0.221
0.010755899154459136	11350.000	8880.000	100.000	8175.000	1369.000	8364.000	68452.000	189.000	0.221
0.008175273432638071	11450.000	8960.000	100.000	10147.000	1726.000	10381.000	86344.000	228.000	0.221
0.008981822508697746	11550.000	9040.000	100.000	9639.000	1585.000	9836.000	79288.000	197.000	0.221
0.00936616583276448	11650.000	9120.000	100.000	9101.000	1526.000	9310.000	76317.000	209.000	0.221
0.007912758257597572	11750.000	9200.000	100.000	10520.000	1779.000	10745.000	88991.000	225.000	0.221
0.007380507614513384	11850.000	9280.000	100.000	11102.000	1881.000	11337.000	94083.000	235.000	0.221
0.008047878439622746	11950.000	9360.000	100.000	10388.000	1753.000	10610.000	87671.000	222.000	0.221
0.008130189899585295	12050.000	9440.000	100.000	10262.000	1741.000	10486.000	87066.000	224.000	0.221
0.009146505628927028	12150.000	9520.000	100.000	9321.000	1564.000	9530.000	78223.000	209.000	0.221
0.006378797238489925	12250.000	9600.000	100.000	12875.000	2173.000	13108.000	108683.000	233.000	0.221
0.009514599048051723	12350.000	9680.000	100.000	9225.000	1527.000	9414.000	76369.000	189.000	0.221
0.007861642799868158	12450.000	9760.000	100.000	10680.000	1798.000	10899.000	89926.000	219.000	0.221
0.007953587934165354	12550.000	9840.000	100.000	10840.000	1789.000	11040.000	89487.000	200.000	0.221
0.006394339381591904	12650.000	9920.000	100.000	12726.000	2153.000	12965.000	107698.000	239.000	0.221
0.007019417697307605	12750.000	10000.000	100.000	11784.000	1967.000	12011.000	98375.000	227.000	0.221
0.005624446066592753	12850.000	10080.000	100.000	13980.000	2307.000	14235.000	115378.000	255.000	0.221
0.007148268445275107	12950.000	10160.000	100.000	11749.000	1995.000	11969.000	99784.000	220.000	0.221
0.007407185943314221	13050.000	10240.000	100.000	11288.000	1892.000	11509.000	94634.000	221.000	0.221
0.007547263898905395	13150.000	10320.000	100.000	11335.000	1920.000	11543.000	96043.000	208.000	0.221
0.00637657386142961	13250.000	10400.000	100.000	12997.000	2187.000	13224.000	109391.000	227.000	0.221
0.007433153113327054	13350.000	10480.000	100.000	11009.000	1880.000	11246.000	94023.000	237.000	0.221
0.0054485998852149215	13450.000	10560.000	100.000	14509.000	2478.000	14767.000	123952.000	258.000	0.221
0.006597391559718318	13550.000	10640.000	100.000	12885.000	2165.000	13096.000	108281.000	211.000	0.222
0.005591669520384282	13650.000	10720.000	100.000	14477.000	2417.000	14717.000	120873.000	240.000	0.221
0.006113469927705951	13750.000	10800.000	100.000	13602.000	2306.000	13828.000	115347.000	226.000	0.221
0.005166483093719034	13850.000	10880.000	100.000	15210.000	2562.000	15469.000	128125.000	259.000	0.222
0.005128723846649159	13950.000	10960.000	100.000	15217.000	2563.000	15480.000	128186.000	263.000	0.221
0.005953876912145392	14050.000	11040.000	100.000	13838.000	2319.000	14068.000	115991.000	230.000	0.221
0.006716683345891093	14150.000	11120.000	100.000	12670.000	2158.000	12882.000	107910.000	212.000	0.222
0.005460854190265005	14250.000	11200.000	100.000	15333.000	2568.000	15553.000	128431.000	220.000	0.221
0.006838042103004174	14350.000	11280.000	100.000	12346.000	2085.000	12562.000	104282.000	216.000	0.222
0.006318606759340055	14450.000	11360.000	100.000	14409.000	6627.000	14706.000	331384.000	297.000	0.221
0.005592789735397227	14550.000	11440.000	100.000	14585.000	2460.000	14822.000	123008.000	237.000	0.222
0.004285812025565527	14650.000	11520.000	100.000	18490.000	3077.000	18742.000	153900.000	252.000	0.221
0.0043294046164845034	14750.000	11600.000	100.000	18194.000	3071.000	18452.000	153594.000	258.000	0.222
0.004136520770654708	14850.000	11680.000	100.000	18753.000	3184.000	19021.000	159226.000	268.000	0.222
0.004335313411188363	14950.000	11760.000	100.000	17967.000	3024.000	18231.000	151252.000	264.000	0.221
0.00439742216814519	15050.000	11840.000	100.000	18327.000	3067.000	18570.000	153359.000	243.000	0.222
0.004944494826745344	15150.000	11920.000	100.000	16336.000	2756.000	16579.000	137836.000	243.000	0.222
0.005584579378267385	15250.000	12000.000	100.000	16107.000	7342.000	16426.000	367124.000	319.000	0.221
0.0049261325403678604	15350.000	12080.000	100.000	16329.000	2747.000	16574.000	137370.000	245.000	0.222
0.00373039968096864	15450.000	12160.000	100.000	20154.000	3375.000	20437.000	168766.000	283.000	0.221
0.004330314146625682	15550.000	12240.000	100.000	18018.000	3082.000	18284.000	154118.000	266.000	0.221
0.0040096812906142065	15650.000	12320.000	100.000	19073.000	3219.000	19348.000	160965.000	275.000	0.222
0.0036641766690092524	15750.000	12400.000	100.000	20385.000	3436.000	20673.000	171828.000	288.000	0.222
0.0038046954871730487	15850.000	12480.000	100.000	20725.000	3511.000	20983.000	175567.000	258.000	0.222
0.003928832259509338	15950.000	12560.000	100.000	19975.000	3350.000	20234.000	167549.000	259.000	0.222
0.004452145014813133	16050.000	12640.000	100.000	17839.000	3009.000	18092.000	150473.000	253.000	0.221
0.005103661849242499	16150.000	12720.000	100.000	15973.000	2705.000	16211.000	135257.000	238.000	0.222
0.0035534947083960718	16250.000	12800.000	100.000	20945.000	3514.000	21234.000	175747.000	289.000	0.222
0.0052211377348583285	16350.000	12880.000	100.000	17099.000	7995.000	17439.000	399778.000	340.000	0.222
0.0033913071634679597	16450.000	12960.000	100.000	21621.000	3593.000	21916.000	179666.000	295.000	0.222
0.003992305490217608	16550.000	13040.000	100.000	19527.000	3278.000	19790.000	163927.000	263.000	0.222
0.0034852914057165838	16650.000	13120.000	100.000	21379.000	3598.000	21668.000	179910.000	289.000	0.222
0.0030339710913044565	16750.000	13200.000	100.000	24626.000	4173.000	24915.000	208697.000	289.000	0.222
0.003156278262791193	16850.000	13280.000	100.000	23341.000	3924.000	23636.000	196209.000	295.000	0.222
0.0029895836087411114	16950.000	13360.000	100.000	23886.000	4019.000	24198.000	201000.000	312.000	0.222
0.0027070149831433625	17050.000	13440.000	100.000	26729.000	4537.000	27036.000	226876.000	307.000	0.222
0.004008187830593881	17150.000	13520.000	100.000	19027.000	3202.000	19303.000	160109.000	276.000	0.222
0.0026828020701858825	17250.000	13600.000	100.000	26179.000	4410.000	26500.000	220541.000	321.000	0.222
0.0026185421171931573	17350.000	13680.000	100.000	27382.000	4592.000	27700.000	229609.000	309.000	0.222
0.0035038111384075314	17450.000	13760.000	100.000	21835.000	3708.000	22111.000	185405.000	276.000	0.222
0.003334719237694702	17550.000	13840.000	100.000	23078.000	3886.000	23349.000	194350.000	271.000	0.222
0.0029287728079012885	17650.000	13920.000	100.000	24632.000	4153.000	24940.000	207658.000	307.000	0.222
0.0030662419074654105	17750.000	14000.000	100.000	24030.000	4059.000	24326.000	202989.000	296.000	0.222
0.0023263547566729093	17850.000	14080.000	100.000	29485.000	4983.000	29819.000	249162.000	334.000	0.222
0.002395836398724231	17950.000	14160.000	100.000	29348.000	4976.000	29670.000	248813.000	322.000	0.222
0.002989400876667657	18050.000	14240.000	100.000	25503.000	4309.000	25780.000	215477.000	277.000	0.222
0.002038171153639778	18150.000	14320.000	100.000	31672.000	5368.000	32037.000	268450.000	365.000	0.222
