         P           T(ns)       T(points)             N11         N10+N11  Exposition(ms)             Ch1             Ch2         N01+N11            Temp
0.06006691165516991	850.000	480.000	120.000	1913.000	1000.000	2161.000	50001.000	248.000	0.184
0.04771708071131812	950.000	560.000	95.000	1892.000	1000.000	2107.000	50001.000	215.000	0.184
0.04993863054359408	1050.000	640.000	98.000	1861.000	1000.000	2090.000	50001.000	229.000	0.184
0.046676865692395174	1150.000	720.000	92.000	1891.000	1000.000	2078.000	50001.000	187.000	0.184
0.03838148135362445	1250.000	800.000	81.000	2010.000	1000.000	2183.000	50001.000	173.000	0.184
0.033547694312263586	1350.000	880.000	67.000	1895.000	1000.000	2049.000	50001.000	154.000	0.184
0.03574180522672265	1450.000	960.000	72.000	1941.000	1000.000	2078.000	50001.000	137.000	0.184
0.031035521211498347	1550.000	1040.000	65.000	1994.000	1000.000	2134.000	50001.000	140.000	0.184
0.028572729319938747	1650.000	1120.000	57.000	1893.000	1000.000	2024.000	50001.000	131.000	0.183
0.028707543927994395	1750.000	1200.000	57.000	1882.000	1000.000	2015.000	50002.000	133.000	0.184
0.028446961689548276	1850.000	1280.000	55.000	1864.000	1000.000	1970.000	50001.000	106.000	0.184
0.024519265997033114	1950.000	1360.000	49.000	1888.000	1000.000	2006.000	50001.000	118.000	0.184
0.0236428429371976	2050.000	1440.000	48.000	1922.000	1000.000	2034.000	50001.000	112.000	0.183
0.025001861118729037	2150.000	1520.000	51.000	1949.000	1000.000	2056.000	50001.000	107.000	0.184
0.026668151116236778	2250.000	1600.000	53.000	1900.000	1000.000	2012.000	50001.000	112.000	0.184
0.017264748995051527	2350.000	1680.000	35.000	1923.000	1000.000	2003.000	50001.000	80.000	0.183
0.016171630881364623	2450.000	1760.000	33.000	1890.000	1000.000	1985.000	50001.000	95.000	0.183
0.018810235050698267	2550.000	1840.000	36.000	1831.000	1000.000	1908.000	50001.000	77.000	0.184
0.018439205808914644	2650.000	1920.000	38.000	1957.000	1000.000	2042.000	50001.000	85.000	0.184
0.01952138011242489	2750.000	2000.000	39.000	1876.000	1000.000	1976.000	50001.000	100.000	0.184
0.012112461093311926	2850.000	2080.000	25.000	1966.000	1000.000	2020.000	50002.000	54.000	0.183
0.018156680782168394	2950.000	2160.000	37.000	1940.000	1000.000	2021.000	50002.000	81.000	0.183
0.010661785688204462	3050.000	2240.000	22.000	1897.000	1000.000	1964.000	50001.000	67.000	0.183
0.012010689594070678	3150.000	2320.000	24.000	1878.000	1000.000	1939.000	50001.000	61.000	0.183
0.011424998000610026	3250.000	2400.000	23.000	1864.000	1000.000	1931.000	50001.000	67.000	0.183
0.012315216910248934	3350.000	2480.000	25.000	1929.000	1000.000	1985.000	50001.000	56.000	0.184
0.012384024555305543	3450.000	2560.000	24.000	1857.000	1000.000	1907.000	50001.000	50.000	0.183
0.011209044474897222	3550.000	2640.000	22.000	1840.000	1000.000	1898.000	50002.000	58.000	0.184
0.011731411876655159	3650.000	2720.000	23.000	1887.000	1000.000	1932.000	50001.000	45.000	0.184
0.006571481216847061	3750.000	2800.000	14.000	1940.000	1000.000	1985.000	50001.000	45.000	0.184
0.00979821952450975	3850.000	2880.000	20.000	1958.000	1000.000	1998.000	50002.000	40.000	0.184
0.010220801508985872	3950.000	2960.000	21.000	1929.000	1000.000	1982.000	50001.000	53.000	0.184
0.009422805465819032	4050.000	3040.000	19.000	1923.000	1000.000	1964.000	50001.000	41.000	0.184
0.007798861507135682	4150.000	3120.000	16.000	1895.000	1000.000	1942.000	50001.000	47.000	0.184
0.00823600398974336	4250.000	3200.000	16.000	1845.000	1000.000	1882.000	50001.000	37.000	0.184
0.0044743573884351295	4350.000	3280.000	9.000	1810.000	1000.000	1843.000	50001.000	33.000	0.184
0.007177275572641673	4450.000	3360.000	14.000	1824.000	1000.000	1862.000	50001.000	38.000	0.184
0.009128337694827775	4550.000	3440.000	18.000	1886.000	1000.000	1924.000	50001.000	38.000	0.184
0.005740633594486805	4650.000	3520.000	12.000	1936.000	1000.000	1970.000	50001.000	34.000	0.184
0.002753547417094245	4750.000	3600.000	6.000	1931.000	1000.000	1954.000	50001.000	23.000	0.184
0.009492425576851456	4850.000	3680.000	19.000	1942.000	1000.000	1975.000	50002.000	33.000	0.184
0.006877527905046261	4950.000	3760.000	14.000	1925.000	1000.000	1958.000	50002.000	33.000	0.184
0.004895029582635377	5050.000	3840.000	10.000	1883.000	1000.000	1913.000	50001.000	30.000	0.184
0.005689681042700793	5150.000	3920.000	11.000	1833.000	1000.000	1859.000	50001.000	26.000	0.184
0.005176918701959967	5250.000	4000.000	11.000	1945.000	1000.000	1979.000	50001.000	34.000	0.184
0.0055291575618030804	5350.000	4080.000	11.000	1870.000	1000.000	1898.000	50002.000	28.000	0.184
0.007765035474316988	5450.000	4160.000	15.000	1862.000	1000.000	1891.000	50002.000	29.000	0.184
0.004691156181434728	5550.000	4240.000	9.000	1845.000	1000.000	1863.000	50001.000	18.000	0.184
0.0069950806904863	5650.000	4320.000	14.000	1938.000	1000.000	1963.000	50002.000	25.000	0.184
0.0028174633705502143	5750.000	4400.000	6.000	1983.000	1000.000	1999.000	50001.000	16.000	0.184
0.0033801717059075416	5850.000	4480.000	7.000	1896.000	1000.000	1918.000	50002.000	22.000	0.184
0.006602113138587148	5950.000	4560.000	13.000	1858.000	1000.000	1890.000	50001.000	32.000	0.184
0.003926979025509666	6050.000	4640.000	8.000	1906.000	1000.000	1927.000	50002.000	21.000	0.184
0.004184950586330428	6150.000	4720.000	9.000	1956.000	1000.000	1985.000	50001.000	29.000	0.184
0.002389427757640819	6250.000	4800.000	5.000	1880.000	1000.000	1898.000	50002.000	18.000	0.184
0.002866206530676085	6350.000	4880.000	6.000	1888.000	1000.000	1909.000	50002.000	21.000	0.184
0.0034265854957114487	6450.000	4960.000	7.000	1937.000	1000.000	1953.000	50001.000	16.000	0.184
0.0024264690290811777	6550.000	5040.000	5.000	1898.000	1000.000	1913.000	50002.000	15.000	0.184
0.004219185298600068	6650.000	5120.000	9.000	1977.000	1000.000	2002.000	50001.000	25.000	0.184
0.002819146347277544	6750.000	5200.000	6.000	1879.000	1000.000	1903.000	50002.000	24.000	0.184
0.0038609987914286392	6850.000	5280.000	8.000	1966.000	1000.000	1984.000	50002.000	18.000	0.184
0.000686998001186869	6950.000	5360.000	2.000	1922.000	1000.000	1941.000	50001.000	19.000	0.184
0.0034327974252756186	7050.000	5440.000	7.000	1901.000	1000.000	1920.000	50002.000	19.000	0.184
0.003459421516815428	7150.000	5520.000	7.000	1898.000	1000.000	1916.000	50002.000	18.000	0.184
0.002796769847019246	7250.000	5600.000	6.000	1930.000	1000.000	1951.000	50001.000	21.000	0.184
0.0012554130588890012	7350.000	5680.000	3.000	1865.000	1000.000	1885.000	50001.000	20.000	0.184
0.0018874774142284448	7450.000	5760.000	4.000	1928.000	1000.000	1941.000	50002.000	13.000	0.184
0.0031805558628670103	7550.000	5840.000	2.000	602.000	1000.000	611.000	50001.000	9.000	0.184
0.0017659609724414134	7650.000	5920.000	4.000	1906.000	1000.000	1926.000	50001.000	20.000	0.184
0.0015317224089969321	7750.000	6000.000	3.000	1789.000	1000.000	1799.000	50001.000	10.000	0.184
0.002271367832258273	7850.000	6080.000	5.000	1890.000	1000.000	1913.000	50001.000	23.000	0.184
0.002378039826549524	7950.000	6160.000	5.000	1859.000	1000.000	1879.000	50001.000	20.000	0.184
0.0013584233738598089	8050.000	6240.000	3.000	1866.000	1000.000	1881.000	50002.000	15.000	0.184
0.0003575081370906724	8150.000	6320.000	1.000	1837.000	1000.000	1847.000	50002.000	10.000	0.184
0.0023822140038716813	8250.000	6400.000	5.000	1915.000	1000.000	1931.000	50002.000	16.000	0.184
0.001279186236623348	8350.000	6480.000	3.000	1989.000	1000.000	2003.000	50001.000	14.000	0.184
-0.00018705574261129816	8450.000	6560.000	0.000	1887.000	1000.000	1896.000	50001.000	9.000	0.184
0.0008438668633688018	8550.000	6640.000	2.000	1865.000	1000.000	1878.000	50001.000	13.000	0.184
0.0013647569719410692	8650.000	6720.000	3.000	1933.000	1000.000	1945.000	50001.000	12.000	0.184
0.0008093484087338638	8750.000	6800.000	2.000	1889.000	1000.000	1903.000	50002.000	14.000	0.184
0.00032496852497058856	8850.000	6880.000	1.000	1877.000	1000.000	1888.000	50001.000	11.000	0.184
0.0004291529366156232	8950.000	6960.000	1.000	1876.000	1000.000	1882.000	50001.000	6.000	0.184
0.0007920930216435811	9050.000	7040.000	2.000	1920.000	1000.000	1934.000	50002.000	14.000	0.184
-0.00020784835384103759	9150.000	7120.000	0.000	1889.000	1000.000	1899.000	50001.000	10.000	0.184
0.0014164270715680397	9250.000	7200.000	3.000	1871.000	1000.000	1883.000	50001.000	12.000	0.184
0.0009061902803540104	9350.000	7280.000	2.000	1865.000	1000.000	1875.000	50001.000	10.000	0.184
0.0007753754711556975	9450.000	7360.000	2.000	1951.000	1000.000	1965.000	50001.000	14.000	0.184
0.0008900667410799373	9550.000	7440.000	2.000	1857.000	1000.000	1868.000	50001.000	11.000	0.184
0.0004288667877916342	9650.000	7520.000	1.000	1877.000	1000.000	1883.000	50001.000	6.000	0.184
0.0013319848814653122	9750.000	7600.000	3.000	1897.000	1000.000	1912.000	50001.000	15.000	0.184
0.0007712895946423743	9850.000	7680.000	2.000	1920.000	1000.000	1935.000	50001.000	15.000	0.184
0.0020176858988916846	9950.000	7760.000	4.000	1923.000	1000.000	1930.000	50002.000	7.000	0.184
0.0014650637751428641	10050.000	7840.000	3.000	1912.000	1000.000	1920.000	50001.000	8.000	0.184
0.0014622927143881574	10150.000	7920.000	3.000	1866.000	1000.000	1876.000	50001.000	10.000	0.184
0.0013281652817081692	10250.000	8000.000	3.000	1877.000	1000.000	1893.000	50002.000	16.000	0.184
0.0003517142120199364	10350.000	8080.000	1.000	1930.000	1000.000	1939.000	50001.000	9.000	0.184
0.0013818846697341426	10450.000	8160.000	3.000	1912.000	1000.000	1924.000	50001.000	12.000	0.184
0.0014431591456962264	10550.000	8240.000	3.000	1939.000	1000.000	1947.000	50002.000	8.000	0.184
0.00036555070112567013	10650.000	8320.000	1.000	1956.000	1000.000	1964.000	50001.000	8.000	0.184
-0.00014561794013022403	10750.000	8400.000	0.000	1930.000	1000.000	1937.000	50001.000	7.000	0.184
0.001442383309844627	10850.000	8480.000	3.000	1865.000	1000.000	1876.000	50001.000	11.000	0.184
0.0019742790258403912	10950.000	8560.000	4.000	1887.000	1000.000	1898.000	50001.000	11.000	0.184
0.0012880363666618762	11050.000	8640.000	3.000	1925.000	1000.000	1941.000	50001.000	16.000	0.184
0.0009431381061785053	11150.000	8720.000	2.000	1873.000	1000.000	1881.000	50001.000	8.000	0.184
0.0003711627777955182	11250.000	8800.000	1.000	1935.000	1000.000	1943.000	50001.000	8.000	0.184
0.0013761339923921438	11350.000	8880.000	3.000	1919.000	1000.000	1931.000	50001.000	12.000	0.184
0.0007694758349478412	11450.000	8960.000	2.000	1886.000	1000.000	1902.000	50001.000	16.000	0.184
0.0003386482781996097	11550.000	9040.000	1.000	1902.000	1000.000	1912.000	50001.000	10.000	0.184
0.000362818389880808	11650.000	9120.000	1.000	1890.000	1000.000	1899.000	50001.000	9.000	0.184
0.001442386762402506	11750.000	9200.000	3.000	1865.000	1000.000	1876.000	50002.000	11.000	0.184
-8.318256493438975e-05	11850.000	9280.000	0.000	1914.000	1000.000	1918.000	50001.000	4.000	0.184
-0.00014558765416692666	11950.000	9360.000	0.000	1920.000	1000.000	1927.000	50001.000	7.000	0.184
0.0015160319654864759	12050.000	9440.000	3.000	1876.000	1000.000	1883.000	50002.000	7.000	0.184
0.00024825013272950294	12150.000	9520.000	1.000	1928.000	1000.000	1942.000	50001.000	14.000	0.184
0.0019453901511630141	12250.000	9600.000	4.000	1913.000	1000.000	1924.000	50001.000	11.000	0.184
0.0003517142120199364	12350.000	9680.000	1.000	1930.000	1000.000	1939.000	50001.000	9.000	0.184
0.0009172934140870719	12450.000	9760.000	2.000	1846.000	1000.000	1856.000	50001.000	10.000	0.184
0.0008629104563464825	12550.000	9840.000	2.000	1868.000	1000.000	1880.000	50002.000	12.000	0.184
0.0009032193967115046	12650.000	9920.000	2.000	1907.000	1000.000	1916.000	50001.000	9.000	0.184
0.0010088375329756411	12750.000	10000.000	2.000	1904.000	1000.000	1908.000	50001.000	4.000	0.184
0.00098018377446893	12850.000	10080.000	2.000	1845.000	1000.000	1852.000	50002.000	7.000	0.184
0.000978020921754002	12950.000	10160.000	2.000	1814.000	1000.000	1822.000	50001.000	8.000	0.184
0.00029654899386739625	13050.000	10240.000	1.000	1981.000	1000.000	1992.000	50001.000	11.000	0.184
0.0009530591785488283	13150.000	10320.000	2.000	1930.000	1000.000	1936.000	50001.000	6.000	0.184
0.0007836156259241434	13250.000	10400.000	2.000	1975.000	1000.000	1988.000	50001.000	13.000	0.184
0.0014259490507695068	13350.000	10480.000	3.000	1909.000	1000.000	1919.000	50001.000	10.000	0.184
-0.00010130891113182316	13450.000	10560.000	0.000	647.000	1000.000	652.000	50001.000	5.000	0.184
-0.00012475568678005573	13550.000	10640.000	0.000	1907.000	1000.000	1913.000	50001.000	6.000	0.184
-0.0001039782061679872	13650.000	10720.000	0.000	1914.000	1000.000	1919.000	50001.000	5.000	0.184
0.0003386482781996097	13750.000	10800.000	1.000	1902.000	1000.000	1912.000	50001.000	10.000	0.184
0.001890718388337002	13850.000	10880.000	4.000	1906.000	1000.000	1920.000	50002.000	14.000	0.184
0.0009121054740697339	13950.000	10960.000	2.000	1820.000	1000.000	1831.000	50001.000	11.000	0.184
0.001404329335930649	14050.000	11040.000	3.000	1910.000	1000.000	1921.000	50001.000	11.000	0.184
0.0009483171288385501	14150.000	11120.000	2.000	1864.000	1000.000	1872.000	50001.000	8.000	0.184
0.000934618205490773	14250.000	11200.000	2.000	1888.000	1000.000	1896.000	50002.000	8.000	0.184
0.0008795463777793657	14350.000	11280.000	2.000	1991.000	1000.000	1999.000	50001.000	8.000	0.184
-0.00022847647730813168	14450.000	11360.000	0.000	1856.000	1000.000	1867.000	50001.000	11.000	0.184
0.00032793243376227937	14550.000	11440.000	1.000	1941.000	1000.000	1951.000	50001.000	10.000	0.184
0.0009127173514089135	14650.000	11520.000	2.000	1819.000	1000.000	1830.000	50002.000	11.000	0.184
-0.00010401497815685458	14750.000	11600.000	0.000	1931.000	1000.000	1936.000	50001.000	5.000	0.184
-0.00014548175243162358	14850.000	11680.000	0.000	1885.000	1000.000	1892.000	50001.000	7.000	0.184
0.001433769687902589	14950.000	11760.000	3.000	1875.000	1000.000	1886.000	50001.000	11.000	0.184
-0.00012472456658213114	15050.000	11840.000	0.000	1896.000	1000.000	1902.000	50002.000	6.000	0.184
0.0008660797821112033	15150.000	11920.000	2.000	1937.000	1000.000	1947.000	50001.000	10.000	0.184
-0.00012487772389535248	15250.000	12000.000	0.000	1954.000	1000.000	1960.000	50001.000	6.000	0.184
0.00040552145691068664	15350.000	12080.000	1.000	1886.000	1000.000	1893.000	50001.000	7.000	0.184
0.0004089477859839846	15450.000	12160.000	1.000	1874.000	1000.000	1881.000	50001.000	7.000	0.184
0.00031450962737144465	15550.000	12240.000	1.000	1914.000	1000.000	1925.000	50001.000	11.000	0.184
-0.00022859992934184	15650.000	12320.000	0.000	1882.000	1000.000	1893.000	50001.000	11.000	0.184
0.0014892911184416376	15750.000	12400.000	3.000	1883.000	1000.000	1891.000	50001.000	8.000	0.184
0.0009232289060819663	15850.000	12480.000	2.000	1836.000	1000.000	1846.000	50001.000	10.000	0.184
-0.00020769294674752845	15950.000	12560.000	0.000	1853.000	1000.000	1863.000	50001.000	10.000	0.184
0.00045864670704353597	16050.000	12640.000	1.000	1846.000	1000.000	1851.000	50001.000	5.000	0.184
0.00039008911363370454	16150.000	12720.000	1.000	1942.000	1000.000	1949.000	50002.000	7.000	0.184
0.0014322050161543708	16250.000	12800.000	1.000	679.000	1000.000	682.000	50002.000	3.000	0.184
0.0004297261432470594	16350.000	12880.000	1.000	1874.000	1000.000	1880.000	50001.000	6.000	0.184
0.0008846450670308848	16450.000	12960.000	2.000	1903.000	1000.000	1913.000	50001.000	10.000	0.184
-0.00016638243001539037	16550.000	13040.000	0.000	1919.000	1000.000	1927.000	50001.000	8.000	0.184
0.0009284509490529045	16650.000	13120.000	2.000	1899.000	1000.000	1907.000	50001.000	8.000	0.184
0.0009520312308037199	16750.000	13200.000	2.000	1894.000	1000.000	1901.000	50001.000	7.000	0.184
0.000412503127221832	16850.000	13280.000	1.000	1936.000	1000.000	1942.000	50001.000	6.000	0.184
-0.00010381413117953615	16950.000	13360.000	0.000	1838.000	1000.000	1843.000	50001.000	5.000	0.184
-0.00018711018711018712	17050.000	13440.000	0.000	1902.000	1000.000	1911.000	50002.000	9.000	0.184
0.0003107326632072158	17150.000	13520.000	1.000	2007.000	1000.000	2017.000	50001.000	10.000	0.184
0.0003886491793177878	17250.000	13600.000	1.000	1803.000	1000.000	1812.000	50001.000	9.000	0.184
-0.00010387020379333985	17350.000	13680.000	0.000	1864.000	1000.000	1869.000	50001.000	5.000	0.184
-0.00027033771419065046	17450.000	13760.000	0.000	1913.000	1000.000	1926.000	50001.000	13.000	0.184
0.0003031135720564997	17550.000	13840.000	1.000	1956.000	1000.000	1967.000	50002.000	11.000	0.184
-8.308408109006314e-05	17650.000	13920.000	0.000	1858.000	1000.000	1862.000	50002.000	4.000	0.184
0.001465886993023612	17750.000	14000.000	3.000	1911.000	1000.000	1919.000	50001.000	8.000	0.184
0.0009267819926868762	17850.000	14080.000	2.000	1902.000	1000.000	1910.000	50001.000	8.000	0.184
-8.307890418925375e-05	17950.000	14160.000	0.000	1854.000	1000.000	1858.000	50001.000	4.000	0.184
0.00037387772390684446	18050.000	14240.000	1.000	1925.000	1000.000	1933.000	50001.000	8.000	0.184
0.0009023618331790706	18150.000	14320.000	2.000	1947.000	1000.000	1955.000	50001.000	8.000	0.184
