         P           T(ns)       T(points)             N11         N10+N11  Exposition(ms)             Ch1             Ch2         N01+N11            Temp
     0.066	   850.000	   480.000	   100.000	  1525.000	   777.000	  1733.000	 38856.000	   208.000	     0.182
     0.048	   950.000	   560.000	   100.000	  2098.000	  1020.000	  2314.000	 51039.000	   216.000	     0.182
     0.050	  1050.000	   640.000	   100.000	  2007.000	   973.000	  2239.000	 48698.000	   232.000	     0.182
     0.045	  1150.000	   720.000	   100.000	  2206.000	  1097.000	  2438.000	 54888.000	   232.000	     0.182
     0.047	  1250.000	   800.000	   100.000	  2147.000	  1039.000	  2361.000	 51953.000	   214.000	     0.182
     0.052	  1350.000	   880.000	   100.000	  1937.000	   947.000	  2128.000	 47392.000	   191.000	     0.182
     0.043	  1450.000	   960.000	   100.000	  2324.000	  1111.000	  2521.000	 55565.000	   197.000	     0.182
     0.032	  1550.000	  1040.000	   100.000	  3140.000	  1540.000	  3388.000	 77016.000	   248.000	     0.182
     0.033	  1650.000	  1120.000	   100.000	  3019.000	  1497.000	  3227.000	 74857.000	   208.000	     0.182
     0.031	  1750.000	  1200.000	   100.000	  3235.000	  1558.000	  3459.000	 77934.000	   224.000	     0.182
     0.032	  1850.000	  1280.000	   100.000	  3104.000	  1440.000	  3299.000	 72014.000	   195.000	     0.182
     0.024	  1950.000	  1360.000	   100.000	  4111.000	  2026.000	  4348.000	101330.000	   237.000	     0.182
     0.025	  2050.000	  1440.000	   100.000	  3922.000	  1921.000	  4163.000	 96087.000	   241.000	     0.182
     0.025	  2150.000	  1520.000	   100.000	  4054.000	  1964.000	  4287.000	 98248.000	   233.000	     0.182
     0.025	  2250.000	  1600.000	   100.000	  3998.000	  2001.000	  4233.000	100055.000	   235.000	     0.182
     0.024	  2350.000	  1680.000	   100.000	  4200.000	  2052.000	  4419.000	102625.000	   219.000	     0.182
     0.021	  2450.000	  1760.000	   100.000	  4669.000	  2355.000	  4892.000	117758.000	   223.000	     0.182
     0.021	  2550.000	  1840.000	   100.000	  4842.000	  2348.000	  5102.000	117429.000	   260.000	     0.182
     0.022	  2650.000	  1920.000	   100.000	  4560.000	  2191.000	  4774.000	109601.000	   214.000	     0.182
     0.022	  2750.000	  2000.000	   100.000	  4553.000	  2232.000	  4760.000	111626.000	   207.000	     0.182
     0.018	  2850.000	  2080.000	   100.000	  5462.000	  2714.000	  5683.000	135713.000	   221.000	     0.182
     0.018	  2950.000	  2160.000	   100.000	  5622.000	  2813.000	  5834.000	140668.000	   212.000	     0.182
     0.016	  3050.000	  2240.000	   100.000	  6390.000	  3102.000	  6639.000	155119.000	   249.000	     0.182
     0.015	  3150.000	  2320.000	   100.000	  6571.000	  3219.000	  6807.000	160980.000	   236.000	     0.182
     0.011	  3250.000	  2400.000	   100.000	  8706.000	  4240.000	  8975.000	212027.000	   269.000	     0.182
     0.013	  3350.000	  2480.000	   100.000	  7555.000	  3761.000	  7779.000	188061.000	   224.000	     0.182
     0.015	  3450.000	  2560.000	   100.000	  6733.000	  3295.000	  6971.000	164782.000	   238.000	     0.182
     0.013	  3550.000	  2640.000	   100.000	  7858.000	  3840.000	  8086.000	192049.000	   228.000	     0.182
     0.012	  3650.000	  2720.000	   100.000	  8401.000	  4200.000	  8638.000	210015.000	   237.000	     0.182
     0.011	  3750.000	  2800.000	   100.000	  8746.000	  4351.000	  8976.000	217591.000	   230.000	     0.182
     0.011	  3850.000	  2880.000	   100.000	  9247.000	  4550.000	  9491.000	227551.000	   244.000	     0.182
     0.010	  3950.000	  2960.000	   100.000	  9915.000	  5013.000	 10158.000	250657.000	   243.000	     0.182
     0.011	  4050.000	  3040.000	   100.000	  9391.000	  4677.000	  9631.000	233888.000	   240.000	     0.182
     0.010	  4150.000	  3120.000	   100.000	 10195.000	  5001.000	 10454.000	250059.000	   259.000	     0.182
     0.008	  4250.000	  3200.000	   100.000	 12007.000	  5992.000	 12269.000	299628.000	   262.000	     0.182
     0.008	  4350.000	  3280.000	   100.000	 12637.000	  6283.000	 12900.000	314167.000	   263.000	     0.182
     0.009	  4450.000	  3360.000	   100.000	 11410.000	  5723.000	 11636.000	286192.000	   226.000	     0.182
     0.009	  4550.000	  3440.000	   100.000	 10942.000	  5505.000	 11172.000	275306.000	   230.000	     0.182
     0.008	  4650.000	  3520.000	   100.000	 12225.000	  6192.000	 12477.000	309622.000	   252.000	     0.182
     0.007	  4750.000	  3600.000	   100.000	 14396.000	  7151.000	 14658.000	357570.000	   262.000	     0.182
     0.007	  4850.000	  3680.000	   100.000	 15270.000	  7715.000	 15538.000	385766.000	   268.000	     0.182
     0.005	  4950.000	  3760.000	   100.000	 18518.000	  9408.000	 18823.000	470457.000	   305.000	     0.182
     0.006	  5050.000	  3840.000	   100.000	 15811.000	  8100.000	 16081.000	405024.000	   270.000	     0.182
     0.006	  5150.000	  3920.000	   100.000	 15915.000	  8109.000	 16174.000	405476.000	   259.000	     0.182
     0.006	  5250.000	  4000.000	   100.000	 17987.000	  9076.000	 18273.000	453848.000	   286.000	     0.182
     0.005	  5350.000	  4080.000	   100.000	 21624.000	 11066.000	 21913.000	553345.000	   289.000	     0.182
     0.006	  5450.000	  4160.000	   100.000	 16651.000	  8471.000	 16934.000	423563.000	   283.000	     0.182
     0.004	  5550.000	  4240.000	   100.000	 22486.000	 11403.000	 22791.000	570172.000	   305.000	     0.182
     0.005	  5650.000	  4320.000	   100.000	 18647.000	  9597.000	 18916.000	479879.000	   269.000	     0.182
     0.004	  5750.000	  4400.000	   100.000	 26439.000	 13428.000	 26750.000	671441.000	   311.000	     0.182
     0.005	  5850.000	  4480.000	   100.000	 21910.000	 11166.000	 22208.000	558341.000	   298.000	     0.183
     0.004	  5950.000	  4560.000	   100.000	 25075.000	 12698.000	 25389.000	634932.000	   314.000	     0.182
     0.003	  6050.000	  4640.000	   100.000	 28657.000	 14620.000	 28993.000	731019.000	   336.000	     0.182
     0.004	  6150.000	  4720.000	   100.000	 25477.000	 13040.000	 25783.000	652020.000	   306.000	     0.183
     0.004	  6250.000	  4800.000	   100.000	 26526.000	 13561.000	 26822.000	678112.000	   296.000	     0.183
     0.003	  6350.000	  4880.000	   100.000	 30304.000	 15503.000	 30682.000	775181.000	   378.000	     0.183
     0.003	  6450.000	  4960.000	   100.000	 32560.000	 16732.000	 32902.000	836630.000	   342.000	     0.183
     0.003	  6550.000	  5040.000	   100.000	 30027.000	 15208.000	 30352.000	760462.000	   325.000	     0.183
     0.003	  6650.000	  5120.000	   100.000	 29375.000	 15036.000	 29664.000	751826.000	   289.000	     0.182
     0.003	  6750.000	  5200.000	   100.000	 31842.000	 16260.000	 32161.000	813055.000	   319.000	     0.183
     0.003	  6850.000	  5280.000	   100.000	 29049.000	 14773.000	 29337.000	738686.000	   288.000	     0.183
     0.004	  6950.000	  5360.000	   100.000	 27932.000	 14263.000	 28234.000	713215.000	   302.000	     0.183
     0.003	  7050.000	  5440.000	   100.000	 36274.000	 18653.000	 36602.000	932700.000	   328.000	     0.183
     0.003	  7150.000	  5520.000	   100.000	 39428.000	 20081.000	 39800.000	1004113.000	   372.000	     0.183
     0.003	  7250.000	  5600.000	   100.000	 35791.000	 18434.000	 36108.000	921749.000	   317.000	     0.183
     0.003	  7350.000	  5680.000	   100.000	 37874.000	 19499.000	 38228.000	974976.000	   354.000	     0.183
     0.003	  7450.000	  5760.000	   100.000	 36768.000	 18858.000	 37114.000	942962.000	   346.000	     0.184
     0.003	  7550.000	  5840.000	   100.000	 34645.000	 17954.000	 34988.000	897766.000	   343.000	     0.183
     0.002	  7650.000	  5920.000	   100.000	 40442.000	 20913.000	 40803.000	1045700.000	   361.000	     0.183
     0.002	  7750.000	  6000.000	   100.000	 43319.000	 22227.000	 43704.000	1111388.000	   385.000	     0.183
     0.002	  7850.000	  6080.000	   100.000	 47819.000	 24653.000	 48216.000	1232722.000	   397.000	     0.183
     0.002	  7950.000	  6160.000	   100.000	 48196.000	 24952.000	 48589.000	1247654.000	   393.000	     0.183
     0.002	  8050.000	  6240.000	   100.000	 47562.000	 24616.000	 47942.000	1230847.000	   380.000	     0.183
     0.002	  8150.000	  6320.000	   100.000	 48256.000	 24977.000	 48603.000	1248918.000	   347.000	     0.183
     0.002	  8250.000	  6400.000	   100.000	 55751.000	 28863.000	 56174.000	1443234.000	   423.000	     0.183
     0.002	  8350.000	  6480.000	   100.000	 53798.000	 27857.000	 54240.000	1392899.000	   442.000	     0.183
     0.002	  8450.000	  6560.000	   100.000	 43049.000	 22328.000	 43389.000	1116467.000	   340.000	     0.183
     0.002	  8550.000	  6640.000	   100.000	 60651.000	 31475.000	 61094.000	1573832.000	   443.000	     0.183
     0.002	  8650.000	  6720.000	   100.000	 61365.000	 31782.000	 61793.000	1589180.000	   428.000	     0.183
     0.002	  8750.000	  6800.000	   100.000	 61891.000	 31998.000	 62311.000	1599967.000	   420.000	     0.184
     0.002	  8850.000	  6880.000	   100.000	 57557.000	 29807.000	 57964.000	1490432.000	   407.000	     0.183
     0.002	  8950.000	  6960.000	   100.000	 56113.000	 29229.000	 56518.000	1461532.000	   405.000	     0.183
     0.001	  9050.000	  7040.000	   100.000	 69514.000	 36074.000	 69972.000	1803746.000	   458.000	     0.183
     0.002	  9150.000	  7120.000	   100.000	 64024.000	 33533.000	 64446.000	1676694.000	   422.000	     0.183
     0.001	  9250.000	  7200.000	   100.000	 68734.000	 35861.000	 69204.000	1793109.000	   470.000	     0.184
     0.002	  9350.000	  7280.000	   100.000	 59292.000	 30844.000	 59691.000	1542256.000	   399.000	     0.183
     0.001	  9450.000	  7360.000	   100.000	 80603.000	 41902.000	 81112.000	2095202.000	   509.000	     0.184
     0.001	  9550.000	  7440.000	   100.000	 74316.000	 38787.000	 74766.000	1939401.000	   450.000	     0.183
     0.001	  9650.000	  7520.000	   100.000	 72940.000	 37950.000	 73433.000	1897575.000	   493.000	     0.183
     0.001	  9750.000	  7600.000	   100.000	 90146.000	 47060.000	 90670.000	2353087.000	   524.000	     0.184
     0.001	  9850.000	  7680.000	   100.000	 83050.000	 43275.000	 83581.000	2163835.000	   531.000	     0.184
     0.001	  9950.000	  7760.000	   100.000	 93296.000	 48486.000	 93872.000	2424382.000	   576.000	     0.184
     0.001	 10050.000	  7840.000	   100.000	 76119.000	 39685.000	 76598.000	1984335.000	   479.000	     0.184
     0.001	 10150.000	  7920.000	   100.000	 88282.000	 45944.000	 88862.000	2297261.000	   580.000	     0.184
     0.001	 10250.000	  8000.000	   100.000	 81055.000	 42329.000	 81511.000	2116534.000	   456.000	     0.184
     0.001	 10350.000	  8080.000	   100.000	 67270.000	 35185.000	 67695.000	1759323.000	   425.000	     0.184
     0.001	 10450.000	  8160.000	   100.000	105300.000	 54546.000	105897.000	2727383.000	   597.000	     0.184
     0.001	 10550.000	  8240.000	   100.000	 75345.000	 39632.000	 75807.000	1981699.000	   462.000	     0.184
     0.001	 10650.000	  8320.000	   100.000	103115.000	 53862.000	103720.000	2693181.000	   605.000	     0.184
     0.001	 10750.000	  8400.000	   100.000	100814.000	 52694.000	101402.000	2634808.000	   588.000	     0.184
     0.001	 10850.000	  8480.000	   100.000	103617.000	 54231.000	104192.000	2711660.000	   575.000	     0.184
     0.001	 10950.000	  8560.000	   100.000	112411.000	 58767.000	113060.000	2938446.000	   649.000	     0.184
     0.001	 11050.000	  8640.000	   100.000	118456.000	 61792.000	119075.000	3089715.000	   619.000	     0.184
     0.001	 11150.000	  8720.000	   100.000	102318.000	 53425.000	102859.000	2671343.000	   541.000	     0.184
