P	T(ns)		T(точки)	n		N		Exposition(ms)	Ch1		Ch2
0.262	850.000		960.000		1000.000	3818.000	350.000		5501.000	35088.000
0.267	950.000		1120.000	1000.000	3741.000	331.000		5242.000	33173.000
0.251	1050.000	1280.000	1000.000	3991.000	349.000		5486.000	34957.000
0.228	1150.000	1440.000	1000.000	4387.000	402.000		5936.000	40219.000
0.211	1250.000	1600.000	1000.000	4746.000	432.000		6302.000	43262.000
0.221	1350.000	1760.000	1000.000	4526.000	409.000		6008.000	40944.000
0.203	1450.000	1920.000	1000.000	4930.000	449.000		6440.000	44935.000
0.181	1550.000	2080.000	1000.000	5527.000	498.000		7141.000	49871.000
0.172	1650.000	2240.000	1000.000	5820.000	522.000		7431.000	52235.000
0.160	1750.000	2400.000	1000.000	6235.000	560.000		7787.000	56008.000
0.156	1850.000	2560.000	1000.000	6421.000	581.000		7929.000	58136.000
0.147	1950.000	2720.000	1000.000	6805.000	606.000		8355.000	60613.000
0.142	2050.000	2880.000	1000.000	7063.000	626.000		8614.000	62679.000
0.132	2150.000	3040.000	1000.000	7552.000	689.000		9169.000	68997.000
0.120	2250.000	3200.000	1000.000	8343.000	751.000		9964.000	75122.000
0.109	2350.000	3360.000	1000.000	9142.000	831.000		10751.000	83125.000
0.115	2450.000	3520.000	1000.000	8676.000	785.000		10188.000	78581.000
0.106	2550.000	3680.000	1000.000	9448.000	857.000		11027.000	85733.000
0.102	2650.000	3840.000	1000.000	9775.000	888.000		11334.000	88815.000
0.097	2750.000	4000.000	1000.000	10313.000	927.000		11947.000	92729.000
0.087	2850.000	4160.000	1000.000	11516.000	1029.000	13137.000	102967.000
0.084	2950.000	4320.000	1000.000	11864.000	1078.000	13469.000	107857.000
0.078	3050.000	4480.000	1000.000	12885.000	1161.000	14506.000	116134.000
0.076	3150.000	4640.000	1000.000	13187.000	1204.000	14791.000	120478.000
0.075	3250.000	4800.000	1000.000	13324.000	1205.000	14944.000	120516.000
0.069	3350.000	4960.000	1000.000	14505.000	1323.000	16127.000	132334.000
0.067	3450.000	5120.000	1000.000	14932.000	1358.000	16606.000	135860.000
0.061	3550.000	5280.000	1000.000	16328.000	1482.000	18015.000	148290.000
0.060	3650.000	5440.000	1000.000	16647.000	1500.000	18329.000	150024.000
0.058	3750.000	5600.000	1000.000	17292.000	1574.000	18943.000	157462.000
0.055	3850.000	5760.000	1000.000	18138.000	1643.000	19837.000	164308.000
0.056	3950.000	5920.000	1000.000	17913.000	1621.000	19571.000	162146.000
0.050	4050.000	6080.000	1000.000	20160.000	1814.000	21848.000	181439.000
0.049	4150.000	6240.000	1000.000	20322.000	1834.000	22054.000	183477.000
0.044	4250.000	6400.000	1000.000	22891.000	2061.000	24672.000	206188.000
0.046	4350.000	6560.000	1000.000	21686.000	1953.000	23369.000	195362.000
0.043	4450.000	6720.000	1000.000	23265.000	2097.000	24945.000	209804.000
0.039	4550.000	6880.000	1000.000	25598.000	2326.000	27424.000	232664.000
0.038	4650.000	7040.000	1000.000	26620.000	2436.000	28413.000	243618.000
0.035	4750.000	7200.000	1000.000	28773.000	2602.000	30579.000	260237.000
0.036	4850.000	7360.000	1000.000	27790.000	2517.000	29610.000	251799.000
0.033	4950.000	7520.000	1000.000	30024.000	2732.000	31822.000	273288.000
0.033	5050.000	7680.000	1000.000	30549.000	2762.000	32354.000	276281.000
0.033	5150.000	7840.000	1000.000	30447.000	2751.000	32176.000	275180.000
0.031	5250.000	8000.000	1000.000	32396.000	2907.000	34200.000	290801.000
0.029	5350.000	8160.000	1000.000	34537.000	3137.000	36408.000	313778.000
0.028	5450.000	8320.000	1000.000	36119.000	3286.000	37986.000	328625.000
0.026	5550.000	8480.000	1000.000	37918.000	3446.000	39851.000	344699.000
0.026	5650.000	8640.000	1000.000	38079.000	3445.000	40004.000	344543.000
0.025	5750.000	8800.000	1000.000	40159.000	3641.000	42115.000	364180.000
0.022	5850.000	8960.000	1000.000	44973.000	4090.000	46997.000	409036.000
0.023	5950.000	9120.000	1000.000	42633.000	3865.000	44542.000	386524.000
0.021	6050.000	9280.000	1000.000	48595.000	4415.000	50594.000	441561.000
0.019	6150.000	9440.000	1000.000	51987.000	4730.000	54080.000	473025.000
0.020	6250.000	9600.000	1000.000	49361.000	4496.000	51371.000	449676.000
0.019	6350.000	9760.000	1000.000	51523.000	4684.000	53567.000	468449.000
0.018	6450.000	9920.000	1000.000	56773.000	5154.000	58950.000	515464.000
0.018	6550.000	10080.000	1000.000	54836.000	4989.000	56908.000	498993.000
0.017	6650.000	10240.000	1000.000	60419.000	5512.000	62542.000	551279.000
0.017	6750.000	10400.000	1000.000	59539.000	5451.000	61730.000	545173.000
0.017	6850.000	10560.000	1000.000	60494.000	5504.000	62633.000	550432.000
0.016	6950.000	10720.000	1000.000	62781.000	5707.000	64938.000	570719.000
0.015	7050.000	10880.000	1000.000	65256.000	5949.000	67464.000	594977.000
0.014	7150.000	11040.000	1000.000	70746.000	6453.000	73040.000	645368.000
0.014	7250.000	11200.000	1000.000	72552.000	6609.000	74839.000	660981.000
0.014	7350.000	11360.000	1000.000	70380.000	6380.000	72604.000	638029.000
0.014	7450.000	11520.000	1000.000	73373.000	6646.000	75553.000	664693.000
0.013	7550.000	11680.000	1000.000	75104.000	6793.000	77360.000	679321.000
0.012	7650.000	11840.000	1000.000	82945.000	7575.000	85337.000	757525.000
0.013	7750.000	12000.000	1000.000	78771.000	7188.000	81053.000	718911.000
0.012	7850.000	12160.000	1000.000	86769.000	7835.000	89137.000	783612.000
0.012	7950.000	12320.000	1000.000	84828.000	7701.000	87193.000	770204.000
0.011	8050.000	12480.000	1000.000	92008.000	8332.000	94468.000	833307.000
0.011	8150.000	12640.000	1000.000	90787.000	8228.000	93214.000	822900.000
0.010	8250.000	12800.000	1000.000	101233.000	9195.000	103750.000	919561.000
0.010	8350.000	12960.000	1000.000	99628.000	9079.000	102120.000	907967.000
0.009	8450.000	13120.000	1000.000	106560.000	9707.000	109183.000	970776.000
0.010	8550.000	13280.000	1000.000	100552.000	9157.000	102990.000	915744.000
0.009	8650.000	13440.000	1000.000	108610.000	9883.000	111136.000	988336.000
0.008	8750.000	13600.000	1000.000	119695.000	10910.000	122382.000	1091051.000
0.009	8850.000	13760.000	1000.000	110866.000	10101.000	113410.000	1010152.000
0.008	8950.000	13920.000	1000.000	118548.000	10773.000	121178.000	1077402.000
0.008	9050.000	14080.000	1000.000	127969.000	11597.000	130730.000	1159736.000
0.008	9150.000	14240.000	1000.000	131442.000	11886.000	134268.000	1188722.000
0.007	9250.000	14400.000	1000.000	136348.000	12450.000	139605.000	1245107.000
0.007	9350.000	14560.000	1000.000	137712.000	12635.000	141606.000	1263568.000
0.007	9450.000	14720.000	1000.000	138464.000	12694.000	142709.000	1269440.000
