P	T(ns)		T(точки)	n		N		Exposition(ms)	Ch1		Ch2
0.269	850.000		960.000		1000.000	3715.000	330.000		5318.000	33047.000
0.266	950.000		1120.000	1000.000	3759.000	344.000		5350.000	34453.000
0.250	1050.000	1280.000	1000.000	3995.000	351.000		5519.000	35150.000
0.249	1150.000	1440.000	1000.000	4012.000	359.000		5525.000	36001.000
0.210	1250.000	1600.000	1000.000	4757.000	426.000		6311.000	42661.000
0.212	1350.000	1760.000	1000.000	4728.000	426.000		6298.000	42671.000
0.198	1450.000	1920.000	1000.000	5040.000	464.000		6589.000	46405.000
0.193	1550.000	2080.000	1000.000	5172.000	461.000		6698.000	46113.000
0.177	1650.000	2240.000	1000.000	5651.000	487.000		7187.000	48771.000
0.167	1750.000	2400.000	1000.000	5974.000	537.000		7552.000	53785.000
0.162	1850.000	2560.000	1000.000	6177.000	553.000		7679.000	55345.000
0.151	1950.000	2720.000	1000.000	6609.000	592.000		8127.000	59302.000
0.137	2050.000	2880.000	1000.000	7291.000	657.000		8845.000	65773.000
0.133	2150.000	3040.000	1000.000	7517.000	665.000		9072.000	66523.000
0.126	2250.000	3200.000	1000.000	7934.000	705.000		9495.000	70587.000
0.123	2350.000	3360.000	1000.000	8144.000	733.000		9745.000	73390.000
0.110	2450.000	3520.000	1000.000	9083.000	824.000		10664.000	82481.000
0.114	2550.000	3680.000	1000.000	8741.000	788.000		10307.000	78826.000
0.102	2650.000	3840.000	1000.000	9839.000	877.000		11457.000	87707.000
0.095	2750.000	4000.000	1000.000	10544.000	949.000		12188.000	94913.000
0.094	2850.000	4160.000	1000.000	10678.000	964.000		12306.000	96472.000
0.087	2950.000	4320.000	1000.000	11482.000	1048.000	13093.000	104826.000
0.082	3050.000	4480.000	1000.000	12234.000	1109.000	13859.000	110911.000
0.082	3150.000	4640.000	1000.000	12238.000	1111.000	13846.000	111170.000
0.078	3250.000	4800.000	1000.000	12847.000	1172.000	14473.000	117247.000
0.073	3350.000	4960.000	1000.000	13766.000	1239.000	15376.000	123932.000
0.068	3450.000	5120.000	1000.000	14653.000	1318.000	16336.000	131813.000
0.066	3550.000	5280.000	1000.000	15227.000	1381.000	16905.000	138182.000
0.061	3650.000	5440.000	1000.000	16284.000	1487.000	17996.000	148784.000
0.058	3750.000	5600.000	1000.000	17264.000	1584.000	18965.000	158442.000
0.060	3850.000	5760.000	1000.000	16744.000	1536.000	18427.000	153700.000
0.055	3950.000	5920.000	1000.000	18057.000	1626.000	19756.000	162702.000
0.054	4050.000	6080.000	1000.000	18582.000	1678.000	20286.000	167839.000
0.050	4150.000	6240.000	1000.000	19965.000	1817.000	21677.000	181715.000
0.049	4250.000	6400.000	1000.000	20576.000	1862.000	22273.000	186223.000
0.048	4350.000	6560.000	1000.000	21005.000	1889.000	22747.000	188932.000
0.043	4450.000	6720.000	1000.000	23070.000	2075.000	24842.000	207585.000
0.042	4550.000	6880.000	1000.000	23777.000	2152.000	25472.000	215211.000
0.041	4650.000	7040.000	1000.000	24327.000	2220.000	26108.000	222041.000
0.041	4750.000	7200.000	1000.000	24352.000	2221.000	26124.000	222155.000
0.037	4850.000	7360.000	1000.000	27091.000	2465.000	28874.000	246584.000
0.037	4950.000	7520.000	1000.000	27307.000	2465.000	29079.000	246529.000
0.035	5050.000	7680.000	1000.000	28652.000	2585.000	30426.000	258530.000
0.033	5150.000	7840.000	1000.000	29865.000	2729.000	31724.000	272918.000
0.032	5250.000	8000.000	1000.000	30999.000	2818.000	32733.000	281809.000
0.030	5350.000	8160.000	1000.000	32797.000	2965.000	34618.000	296513.000
0.031	5450.000	8320.000	1000.000	32021.000	2900.000	33833.000	290056.000
0.029	5550.000	8480.000	1000.000	33987.000	3100.000	35797.000	310088.000
0.026	5650.000	8640.000	1000.000	38079.000	3480.000	40016.000	348069.000
0.026	5750.000	8800.000	1000.000	37745.000	3440.000	39652.000	344084.000
0.025	5850.000	8960.000	1000.000	39504.000	3600.000	41387.000	360051.000
0.025	5950.000	9120.000	1000.000	40392.000	3687.000	42279.000	368720.000
0.025	6050.000	9280.000	1000.000	40254.000	3623.000	42151.000	362312.000
0.024	6150.000	9440.000	1000.000	41423.000	3753.000	43315.000	375391.000
0.021	6250.000	9600.000	1000.000	47372.000	4262.000	49410.000	426240.000
0.022	6350.000	9760.000	1000.000	46231.000	4191.000	48244.000	419138.000
0.021	6450.000	9920.000	1000.000	48407.000	4402.000	50418.000	440213.000
0.019	6550.000	10080.000	1000.000	52190.000	4737.000	54253.000	473719.000
0.019	6650.000	10240.000	1000.000	52347.000	4739.000	54330.000	473978.000
0.018	6750.000	10400.000	1000.000	56531.000	5160.000	58622.000	516033.000
0.019	6850.000	10560.000	1000.000	52309.000	4746.000	54272.000	474683.000
0.017	6950.000	10720.000	1000.000	58435.000	5349.000	60497.000	534913.000
0.017	7050.000	10880.000	1000.000	60138.000	5499.000	62251.000	550000.000
0.015	7150.000	11040.000	1000.000	65472.000	5943.000	67632.000	594349.000
0.016	7250.000	11200.000	1000.000	63437.000	5786.000	65595.000	578615.000
0.016	7350.000	11360.000	1000.000	63500.000	5734.000	65663.000	573439.000
0.014	7450.000	11520.000	1000.000	69369.000	6336.000	71628.000	633690.000
0.014	7550.000	11680.000	1000.000	70240.000	6335.000	72461.000	633552.000
0.014	7650.000	11840.000	1000.000	72809.000	6597.000	75026.000	659764.000
0.014	7750.000	12000.000	1000.000	69911.000	6322.000	72097.000	632291.000
0.013	7850.000	12160.000	1000.000	79668.000	7248.000	82009.000	724843.000
0.013	7950.000	12320.000	1000.000	79125.000	7157.000	81455.000	715717.000
0.012	8050.000	12480.000	1000.000	83940.000	7642.000	86336.000	764267.000
0.012	8150.000	12640.000	1000.000	85349.000	7759.000	87777.000	775989.000
0.011	8250.000	12800.000	1000.000	89600.000	8113.000	92022.000	811331.000
0.011	8350.000	12960.000	1000.000	92093.000	8333.000	94552.000	833330.000
0.010	8450.000	13120.000	1000.000	99166.000	8967.000	101706.000	896809.000
0.010	8550.000	13280.000	1000.000	100743.000	9119.000	103312.000	911941.000
0.010	8650.000	13440.000	1000.000	97218.000	8747.000	99665.000	874763.000
0.010	8750.000	13600.000	1000.000	98307.000	8883.000	100797.000	888374.000
0.009	8850.000	13760.000	1000.000	106329.000	9654.000	108873.000	965520.000
0.010	8950.000	13920.000	1000.000	104245.000	9438.000	106728.000	943844.000
0.010	9050.000	14080.000	1000.000	103731.000	9390.000	106252.000	939099.000
0.009	9150.000	14240.000	1000.000	114388.000	10338.000	117102.000	1033905.000
0.008	9250.000	14400.000	1000.000	118150.000	10733.000	121146.000	1073366.000
0.008	9350.000	14560.000	1000.000	119953.000	10881.000	123782.000	1088202.000
0.008	9450.000	14720.000	1000.000	124077.000	11268.000	127964.000	1126919.000
