P	T(ns)		T(точки)	n		N		Exposition(ms)	Ch1		Ch2
0.279	850.000		960.000		1000.000	3585.000	331.000		5140.000	33166.000
0.267	950.000		1120.000	1000.000	3748.000	342.000		5274.000	34246.000
0.252	1050.000	1280.000	1000.000	3970.000	359.000		5501.000	35981.000
0.240	1150.000	1440.000	1000.000	4173.000	368.000		5703.000	36872.000
0.221	1250.000	1600.000	1000.000	4516.000	412.000		6055.000	41205.000
0.199	1350.000	1760.000	1000.000	5024.000	446.000		6551.000	44680.000
0.197	1450.000	1920.000	1000.000	5089.000	454.000		6609.000	45500.000
0.180	1550.000	2080.000	1000.000	5544.000	495.000		7085.000	49546.000
0.180	1650.000	2240.000	1000.000	5570.000	504.000		7153.000	50440.000
0.170	1750.000	2400.000	1000.000	5866.000	524.000		7407.000	52499.000
0.156	1850.000	2560.000	1000.000	6404.000	579.000		7946.000	57979.000
0.141	1950.000	2720.000	1000.000	7085.000	633.000		8641.000	63327.000
0.144	2050.000	2880.000	1000.000	6961.000	617.000		8485.000	61756.000
0.127	2150.000	3040.000	1000.000	7846.000	707.000		9479.000	70749.000
0.122	2250.000	3200.000	1000.000	8219.000	754.000		9815.000	75407.000
0.115	2350.000	3360.000	1000.000	8665.000	788.000		10301.000	78815.000
0.111	2450.000	3520.000	1000.000	9018.000	804.000		10603.000	80435.000
0.104	2550.000	3680.000	1000.000	9657.000	873.000		11253.000	87362.000
0.098	2650.000	3840.000	1000.000	10253.000	919.000		11886.000	91978.000
0.096	2750.000	4000.000	1000.000	10470.000	940.000		12039.000	94014.000
0.088	2850.000	4160.000	1000.000	11365.000	1028.000	12968.000	102883.000
0.090	2950.000	4320.000	1000.000	11121.000	1004.000	12737.000	100447.000
0.082	3050.000	4480.000	1000.000	12133.000	1109.000	13759.000	111002.000
0.081	3150.000	4640.000	1000.000	12339.000	1101.000	13946.000	110105.000
0.073	3250.000	4800.000	1000.000	13735.000	1248.000	15445.000	124835.000
0.069	3350.000	4960.000	1000.000	14467.000	1306.000	16155.000	130700.000
0.069	3450.000	5120.000	1000.000	14500.000	1311.000	16179.000	131192.000
0.067	3550.000	5280.000	1000.000	15010.000	1361.000	16617.000	136195.000
0.062	3650.000	5440.000	1000.000	16254.000	1453.000	17913.000	145321.000
0.063	3750.000	5600.000	1000.000	15967.000	1473.000	17619.000	147382.000
0.056	3850.000	5760.000	1000.000	17757.000	1616.000	19458.000	161615.000
0.056	3950.000	5920.000	1000.000	17848.000	1613.000	19549.000	161393.000
0.052	4050.000	6080.000	1000.000	19404.000	1748.000	21098.000	174857.000
0.051	4150.000	6240.000	1000.000	19765.000	1790.000	21460.000	179023.000
0.050	4250.000	6400.000	1000.000	20102.000	1822.000	21758.000	182222.000
0.046	4350.000	6560.000	1000.000	21555.000	1950.000	23275.000	195052.000
0.043	4450.000	6720.000	1000.000	23391.000	2113.000	25105.000	211309.000
0.041	4550.000	6880.000	1000.000	24534.000	2233.000	26242.000	223313.000
0.039	4650.000	7040.000	1000.000	25408.000	2296.000	27202.000	229617.000
0.036	4750.000	7200.000	1000.000	27408.000	2500.000	29211.000	250065.000
0.038	4850.000	7360.000	1000.000	26543.000	2419.000	28300.000	241968.000
0.036	4950.000	7520.000	1000.000	27859.000	2529.000	29620.000	252917.000
0.032	5050.000	7680.000	1000.000	31345.000	2822.000	33202.000	282231.000
0.033	5150.000	7840.000	1000.000	30651.000	2801.000	32478.000	280124.000
0.034	5250.000	8000.000	1000.000	29553.000	2651.000	31278.000	265168.000
0.030	5350.000	8160.000	1000.000	33105.000	3021.000	34912.000	302121.000
0.028	5450.000	8320.000	1000.000	35883.000	3269.000	37782.000	326994.000
0.028	5550.000	8480.000	1000.000	35564.000	3249.000	37437.000	324913.000
0.026	5650.000	8640.000	1000.000	38681.000	3492.000	40638.000	349230.000
0.026	5750.000	8800.000	1000.000	39158.000	3550.000	41038.000	355082.000
0.025	5850.000	8960.000	1000.000	39590.000	3602.000	41484.000	360293.000
0.023	5950.000	9120.000	1000.000	43987.000	4011.000	45957.000	401158.000
0.023	6050.000	9280.000	1000.000	44339.000	4026.000	46287.000	402644.000
0.022	6150.000	9440.000	1000.000	44968.000	4104.000	46972.000	410503.000
0.020	6250.000	9600.000	1000.000	48928.000	4444.000	50915.000	444449.000
0.020	6350.000	9760.000	1000.000	50407.000	4577.000	52431.000	457765.000
0.020	6450.000	9920.000	1000.000	51091.000	4660.000	53150.000	466034.000
0.020	6550.000	10080.000	1000.000	49178.000	4489.000	51190.000	448921.000
0.018	6650.000	10240.000	1000.000	54981.000	5015.000	57111.000	501599.000
0.018	6750.000	10400.000	1000.000	54177.000	4907.000	56263.000	490792.000
0.017	6850.000	10560.000	1000.000	59992.000	5476.000	62100.000	547694.000
0.016	6950.000	10720.000	1000.000	60993.000	5539.000	63172.000	553980.000
0.016	7050.000	10880.000	1000.000	63298.000	5746.000	65397.000	574639.000
0.016	7150.000	11040.000	1000.000	63476.000	5765.000	65569.000	576578.000
0.016	7250.000	11200.000	1000.000	63661.000	5767.000	65754.000	576742.000
0.014	7350.000	11360.000	1000.000	73752.000	6730.000	76033.000	673045.000
0.014	7450.000	11520.000	1000.000	71213.000	6510.000	73463.000	651058.000
0.014	7550.000	11680.000	1000.000	73392.000	6701.000	75607.000	670179.000
0.012	7650.000	11840.000	1000.000	81291.000	7473.000	83711.000	747342.000
0.012	7750.000	12000.000	1000.000	80337.000	7329.000	82686.000	732995.000
0.013	7850.000	12160.000	1000.000	76824.000	7001.000	79093.000	700193.000
0.012	7950.000	12320.000	1000.000	82719.000	7531.000	85071.000	753172.000
0.012	8050.000	12480.000	1000.000	84315.000	7693.000	86728.000	769339.000
0.011	8150.000	12640.000	1000.000	90487.000	8260.000	92937.000	826028.000
0.011	8250.000	12800.000	1000.000	94779.000	8647.000	97186.000	864765.000
0.010	8350.000	12960.000	1000.000	96355.000	8798.000	98898.000	879834.000
0.010	8450.000	13120.000	1000.000	99524.000	9039.000	102072.000	903967.000
0.010	8550.000	13280.000	1000.000	98927.000	8984.000	101441.000	898489.000
0.010	8650.000	13440.000	1000.000	99424.000	8975.000	101978.000	897581.000
0.010	8750.000	13600.000	1000.000	103718.000	9418.000	106279.000	941905.000
0.010	8850.000	13760.000	1000.000	101375.000	9189.000	103830.000	919004.000
0.009	8950.000	13920.000	1000.000	114844.000	10432.000	117455.000	1043281.000
0.010	9050.000	14080.000	1000.000	102275.000	9240.000	104787.000	924038.000
0.008	9150.000	14240.000	1000.000	121283.000	11026.000	123934.000	1102719.000
0.009	9250.000	14400.000	1000.000	111476.000	10106.000	114451.000	1010724.000
0.009	9350.000	14560.000	1000.000	114101.000	10338.000	117874.000	1033922.000
0.008	9450.000	14720.000	1000.000	123582.000	11316.000	127533.000	1131695.000
