P	T(ns)		T(точки)	n		N		Exposition(ms)	Ch1		Ch2
0.252	850.000		960.000		1000.000	3971.000	366.000		5630.000	36696.000
0.267	950.000		1120.000	1000.000	3743.000	340.000		5293.000	34090.000
0.246	1050.000	1280.000	1000.000	4072.000	363.000		5611.000	36355.000
0.216	1150.000	1440.000	1000.000	4622.000	420.000		6146.000	42069.000
0.214	1250.000	1600.000	1000.000	4671.000	429.000		6199.000	42985.000
0.197	1350.000	1760.000	1000.000	5070.000	461.000		6610.000	46122.000
0.179	1450.000	1920.000	1000.000	5596.000	506.000		7155.000	50669.000
0.174	1550.000	2080.000	1000.000	5750.000	512.000		7263.000	51272.000
0.162	1650.000	2240.000	1000.000	6188.000	576.000		7763.000	57618.000
0.152	1750.000	2400.000	1000.000	6584.000	604.000		8173.000	60461.000
0.150	1850.000	2560.000	1000.000	6683.000	609.000		8237.000	60938.000
0.143	1950.000	2720.000	1000.000	6993.000	628.000		8527.000	62842.000
0.131	2050.000	2880.000	1000.000	7655.000	682.000		9189.000	68255.000
0.133	2150.000	3040.000	1000.000	7545.000	681.000		9102.000	68147.000
0.116	2250.000	3200.000	1000.000	8634.000	794.000		10212.000	79498.000
0.117	2350.000	3360.000	1000.000	8542.000	772.000		10124.000	77254.000
0.107	2450.000	3520.000	1000.000	9371.000	839.000		10937.000	83954.000
0.098	2550.000	3680.000	1000.000	10189.000	912.000		11804.000	91206.000
0.092	2650.000	3840.000	1000.000	10858.000	986.000		12439.000	98606.000
0.087	2750.000	4000.000	1000.000	11484.000	1049.000	13076.000	104925.000
0.087	2850.000	4160.000	1000.000	11461.000	1026.000	13053.000	102658.000
0.080	2950.000	4320.000	1000.000	12458.000	1140.000	14090.000	114098.000
0.077	3050.000	4480.000	1000.000	12932.000	1183.000	14560.000	118316.000
0.071	3150.000	4640.000	1000.000	14124.000	1275.000	15818.000	127546.000
0.069	3250.000	4800.000	1000.000	14511.000	1323.000	16159.000	132403.000
0.067	3350.000	4960.000	1000.000	15007.000	1367.000	16650.000	136785.000
0.064	3450.000	5120.000	1000.000	15673.000	1428.000	17341.000	142818.000
0.061	3550.000	5280.000	1000.000	16525.000	1506.000	18191.000	150683.000
0.056	3650.000	5440.000	1000.000	17961.000	1623.000	19681.000	162327.000
0.056	3750.000	5600.000	1000.000	17927.000	1648.000	19552.000	164843.000
0.050	3850.000	5760.000	1000.000	19823.000	1824.000	21567.000	182408.000
0.051	3950.000	5920.000	1000.000	19589.000	1801.000	21262.000	180184.000
0.048	4050.000	6080.000	1000.000	21008.000	1902.000	22723.000	190266.000
0.045	4150.000	6240.000	1000.000	22422.000	2033.000	24107.000	203395.000
0.044	4250.000	6400.000	1000.000	22897.000	2086.000	24616.000	208612.000
0.042	4350.000	6560.000	1000.000	23747.000	2184.000	25490.000	218435.000
0.040	4450.000	6720.000	1000.000	25156.000	2276.000	26913.000	227676.000
0.037	4550.000	6880.000	1000.000	27184.000	2498.000	28940.000	249883.000
0.036	4650.000	7040.000	1000.000	27638.000	2536.000	29429.000	253677.000
0.032	4750.000	7200.000	1000.000	31327.000	2877.000	33151.000	287743.000
0.032	4850.000	7360.000	1000.000	31463.000	2872.000	33271.000	287256.000
0.030	4950.000	7520.000	1000.000	33811.000	3083.000	35698.000	308378.000
0.030	5050.000	7680.000	1000.000	33855.000	3082.000	35787.000	308289.000
0.029	5150.000	7840.000	1000.000	34642.000	3207.000	36537.000	320794.000
0.029	5250.000	8000.000	1000.000	34822.000	3191.000	36669.000	319198.000
0.026	5350.000	8160.000	1000.000	37942.000	3459.000	39836.000	345960.000
0.025	5450.000	8320.000	1000.000	39715.000	3636.000	41654.000	363698.000
0.024	5550.000	8480.000	1000.000	41057.000	3758.000	42957.000	375907.000
0.023	5650.000	8640.000	1000.000	44427.000	4074.000	46421.000	407460.000
0.023	5750.000	8800.000	1000.000	43197.000	3969.000	45158.000	396923.000
0.022	5850.000	8960.000	1000.000	46212.000	4261.000	48212.000	426176.000
0.021	5950.000	9120.000	1000.000	48655.000	4477.000	50711.000	447781.000
0.019	6050.000	9280.000	1000.000	51917.000	4747.000	53974.000	474735.000
0.019	6150.000	9440.000	1000.000	53378.000	4906.000	55501.000	490691.000
0.018	6250.000	9600.000	1000.000	56070.000	5156.000	58116.000	515709.000
0.017	6350.000	9760.000	1000.000	59853.000	5517.000	62017.000	551734.000
0.017	6450.000	9920.000	1000.000	58248.000	5332.000	60355.000	533285.000
0.017	6550.000	10080.000	1000.000	60583.000	5578.000	62713.000	557911.000
0.015	6650.000	10240.000	1000.000	64532.000	5930.000	66734.000	593020.000
0.015	6750.000	10400.000	1000.000	67407.000	6214.000	69628.000	621513.000
0.015	6850.000	10560.000	1000.000	66638.000	6128.000	68839.000	612836.000
0.014	6950.000	10720.000	1000.000	69921.000	6450.000	72235.000	645063.000
0.015	7050.000	10880.000	1000.000	68392.000	6290.000	70568.000	629051.000
0.012	7150.000	11040.000	1000.000	81797.000	7554.000	84192.000	755458.000
0.012	7250.000	11200.000	1000.000	80887.000	7417.000	83230.000	741730.000
0.012	7350.000	11360.000	1000.000	83115.000	7662.000	85532.000	766277.000
0.012	7450.000	11520.000	1000.000	86654.000	7967.000	89067.000	796727.000
0.012	7550.000	11680.000	1000.000	83839.000	7724.000	86249.000	772492.000
0.012	7650.000	11840.000	1000.000	85907.000	7937.000	88351.000	793728.000
0.011	7750.000	12000.000	1000.000	89049.000	8195.000	91482.000	819558.000
0.011	7850.000	12160.000	1000.000	94643.000	8688.000	97146.000	868912.000
0.010	7950.000	12320.000	1000.000	101476.000	9279.000	104005.000	927957.000
0.010	8050.000	12480.000	1000.000	96124.000	8807.000	98547.000	880790.000
0.010	8150.000	12640.000	1000.000	100087.000	9182.000	102610.000	918294.000
0.009	8250.000	12800.000	1000.000	106240.000	9761.000	108867.000	976187.000
0.009	8350.000	12960.000	1000.000	112292.000	10333.000	114956.000	1033325.000
0.009	8450.000	13120.000	1000.000	115821.000	10625.000	118557.000	1062614.000
0.009	8550.000	13280.000	1000.000	116867.000	10692.000	119537.000	1069229.000
0.008	8650.000	13440.000	1000.000	118929.000	10895.000	121629.000	1089570.000
0.009	8750.000	13600.000	1000.000	115423.000	10576.000	118108.000	1057686.000
0.008	8850.000	13760.000	1000.000	124466.000	11349.000	127186.000	1135001.000
0.008	8950.000	13920.000	1000.000	123334.000	11279.000	126086.000	1127974.000
0.008	9050.000	14080.000	1000.000	122784.000	11235.000	125500.000	1123616.000
0.007	9150.000	14240.000	1000.000	134453.000	12238.000	137279.000	1223908.000
0.007	9250.000	14400.000	1000.000	148977.000	13668.000	152335.000	1366901.000
0.007	9350.000	14560.000	1000.000	138960.000	12725.000	143087.000	1272618.000
0.007	9450.000	14720.000	1000.000	141900.000	13016.000	146117.000	1301666.000
