         P           T(ns)       T(points)             N11         N10+N11  Exposition(ms)             Ch1             Ch2         N01+N11            Temp
     0.257	   850.000	   480.000	   100.000	   389.000	    82.000	   534.000	  4113.000	   145.000	     0.232
     0.221	   950.000	   560.000	   100.000	   452.000	   103.000	   605.000	  5197.000	   153.000	     0.232
     0.166	  1050.000	   640.000	   100.000	   604.000	   130.000	   767.000	  6550.000	   163.000	     0.232
     0.138	  1150.000	   720.000	   100.000	   726.000	   167.000	   899.000	  8372.000	   173.000	     0.232
     0.167	  1250.000	   800.000	   100.000	   598.000	   135.000	   758.000	  6766.000	   160.000	     0.232
     0.126	  1350.000	   880.000	   100.000	   795.000	   179.000	   967.000	  8973.000	   172.000	     0.232
     0.122	  1450.000	   960.000	   100.000	   821.000	   179.000	   979.000	  8968.000	   158.000	     0.232
     0.118	  1550.000	  1040.000	   100.000	   849.000	   186.000	   998.000	  9348.000	   149.000	     0.232
     0.104	  1650.000	  1120.000	   100.000	   966.000	   217.000	  1121.000	 10894.000	   155.000	     0.232
     0.097	  1750.000	  1200.000	   100.000	  1028.000	   222.000	  1189.000	 11116.000	   161.000	     0.231
     0.092	  1850.000	  1280.000	   100.000	  1083.000	   243.000	  1237.000	 12186.000	   154.000	     0.232
     0.077	  1950.000	  1360.000	   100.000	  1294.000	   287.000	  1458.000	 14362.000	   164.000	     0.231
     0.086	  2050.000	  1440.000	   100.000	  1169.000	   268.000	  1322.000	 13412.000	   153.000	     0.231
     0.065	  2150.000	  1520.000	   100.000	  1535.000	   342.000	  1705.000	 17119.000	   170.000	     0.232
     0.060	  2250.000	  1600.000	   100.000	  1671.000	   365.000	  1844.000	 18298.000	   173.000	     0.232
     0.061	  2350.000	  1680.000	   100.000	  1645.000	   365.000	  1809.000	 18262.000	   164.000	     0.232
     0.060	  2450.000	  1760.000	   100.000	  1661.000	   362.000	  1819.000	 18131.000	   158.000	     0.231
     0.048	  2550.000	  1840.000	   100.000	  2084.000	   452.000	  2243.000	 22634.000	   159.000	     0.232
     0.042	  2650.000	  1920.000	   100.000	  2367.000	   530.000	  2549.000	 26536.000	   182.000	     0.232
     0.048	  2750.000	  2000.000	   100.000	  2088.000	   456.000	  2246.000	 22840.000	   158.000	     0.232
     0.036	  2850.000	  2080.000	   100.000	  2759.000	   612.000	  2938.000	 30628.000	   179.000	     0.232
     0.033	  2950.000	  2160.000	   100.000	  2999.000	   651.000	  3169.000	 32600.000	   170.000	     0.231
     0.029	  3050.000	  2240.000	   100.000	  3489.000	   807.000	  3678.000	 40396.000	   189.000	     0.232
     0.027	  3150.000	  2320.000	   100.000	  3641.000	   792.000	  3819.000	 39628.000	   178.000	     0.232
     0.027	  3250.000	  2400.000	   100.000	  3773.000	   830.000	  3962.000	 41502.000	   189.000	     0.232
     0.024	  3350.000	  2480.000	   100.000	  4102.000	   915.000	  4280.000	 45777.000	   178.000	     0.231
     0.023	  3450.000	  2560.000	   100.000	  4283.000	   957.000	  4458.000	 47863.000	   175.000	     0.231
     0.027	  3550.000	  2640.000	   100.000	  3762.000	   849.000	  3964.000	 42453.000	   200.000	     0.231
     0.019	  3650.000	  2720.000	   100.000	  5155.000	  1142.000	  5361.000	 57147.000	   206.000	     0.231
     0.020	  3750.000	  2800.000	   100.000	  5058.000	  1110.000	  5237.000	 55525.000	   179.000	     0.232
     0.017	  3850.000	  2880.000	   100.000	  5776.000	  1269.000	  5980.000	 63474.000	   204.000	     0.232
     0.019	  3950.000	  2960.000	   100.000	  5335.000	  1149.000	  5531.000	 57452.000	   196.000	     0.232
     0.019	  4050.000	  3040.000	   100.000	  5258.000	  1181.000	  5460.000	 59068.000	   202.000	     0.232
     0.015	  4150.000	  3120.000	   100.000	  6575.000	  1472.000	  6787.000	 73630.000	   212.000	     0.232
     0.017	  4250.000	  3200.000	   100.000	  5736.000	  1289.000	  5938.000	 64498.000	   202.000	     0.232
     0.016	  4350.000	  3280.000	   100.000	  6339.000	  1397.000	  6565.000	 69879.000	   226.000	     0.232
     0.016	  4450.000	  3360.000	   100.000	  6290.000	  1407.000	  6493.000	 70364.000	   203.000	     0.232
     0.013	  4550.000	  3440.000	   100.000	  7995.000	  1761.000	  8216.000	 88061.000	   221.000	     0.232
     0.012	  4650.000	  3520.000	   100.000	  8619.000	  1911.000	  8859.000	 95558.000	   240.000	     0.232
     0.012	  4750.000	  3600.000	   100.000	  8672.000	  1901.000	  8907.000	 95100.000	   235.000	     0.232
     0.010	  4850.000	  3680.000	   100.000	  9802.000	  2156.000	 10045.000	107835.000	   243.000	     0.232
     0.012	  4950.000	  3760.000	   100.000	  8650.000	  1950.000	  8867.000	 97532.000	   217.000	     0.232
     0.012	  5050.000	  3840.000	   100.000	  8539.000	  1891.000	  8765.000	 94574.000	   226.000	     0.232
     0.011	  5150.000	  3920.000	   100.000	  9509.000	  2127.000	  9751.000	106370.000	   242.000	     0.232
     0.010	  5250.000	  4000.000	   100.000	  9947.000	  2230.000	 10191.000	111516.000	   244.000	     0.232
     0.009	  5350.000	  4080.000	   100.000	 11016.000	  2459.000	 11261.000	122978.000	   245.000	     0.232
     0.008	  5450.000	  4160.000	   100.000	 12973.000	  2850.000	 13238.000	142545.000	   265.000	     0.232
     0.009	  5550.000	  4240.000	   100.000	 10709.000	  2370.000	 10941.000	118530.000	   232.000	     0.232
     0.011	  5650.000	  4320.000	   100.000	  9374.000	  2083.000	  9592.000	104197.000	   218.000	     0.232
     0.008	  5750.000	  4400.000	   100.000	 12211.000	  2710.000	 12460.000	135549.000	   249.000	     0.232
     0.008	  5850.000	  4480.000	   100.000	 13152.000	  2920.000	 13416.000	146021.000	   264.000	     0.232
     0.007	  5950.000	  4560.000	   100.000	 13894.000	  3092.000	 14168.000	154618.000	   274.000	     0.232
     0.007	  6050.000	  4640.000	   100.000	 15105.000	  3357.000	 15391.000	167895.000	   286.000	     0.232
     0.007	  6150.000	  4720.000	   100.000	 13757.000	  3080.000	 14016.000	154007.000	   259.000	     0.232
     0.007	  6250.000	  4800.000	   100.000	 14499.000	  3231.000	 14765.000	161574.000	   266.000	     0.232
     0.006	  6350.000	  4880.000	   100.000	 15615.000	  3461.000	 15886.000	173073.000	   271.000	     0.232
     0.005	  6450.000	  4960.000	   100.000	 18786.000	  4219.000	 19081.000	210957.000	   295.000	     0.232
     0.006	  6550.000	  5040.000	   100.000	 16550.000	  3656.000	 16845.000	182808.000	   295.000	     0.232
     0.007	  6650.000	  5120.000	   100.000	 14946.000	  3303.000	 15231.000	165156.000	   285.000	     0.232
     0.005	  6750.000	  5200.000	   100.000	 18745.000	  4162.000	 19063.000	208155.000	   318.000	     0.232
     0.006	  6850.000	  5280.000	   100.000	 16515.000	  3718.000	 16792.000	185929.000	   277.000	     0.232
     0.006	  6950.000	  5360.000	   100.000	 16637.000	  3707.000	 16931.000	185357.000	   294.000	     0.232
     0.006	  7050.000	  5440.000	   100.000	 16727.000	  3691.000	 17022.000	184567.000	   295.000	     0.232
     0.005	  7150.000	  5520.000	   100.000	 19039.000	  4208.000	 19326.000	210427.000	   287.000	     0.232
     0.006	  7250.000	  5600.000	   100.000	 15909.000	  3499.000	 16153.000	174963.000	   244.000	     0.232
     0.005	  7350.000	  5680.000	   100.000	 20410.000	  4478.000	 20698.000	223941.000	   288.000	     0.232
     0.005	  7450.000	  5760.000	   100.000	 21435.000	  4785.000	 21755.000	239281.000	   320.000	     0.232
     0.005	  7550.000	  5840.000	   100.000	 18352.000	  4076.000	 18626.000	203838.000	   274.000	     0.232
     0.005	  7650.000	  5920.000	   100.000	 22053.000	  4908.000	 22360.000	245428.000	   307.000	     0.232
     0.005	  7750.000	  6000.000	   100.000	 19648.000	  4358.000	 19951.000	217912.000	   303.000	     0.232
     0.005	  7850.000	  6080.000	   100.000	 20398.000	  4488.000	 20690.000	224442.000	   292.000	     0.232
     0.005	  7950.000	  6160.000	   100.000	 19031.000	  4227.000	 19299.000	211359.000	   268.000	     0.232
     0.003	  8050.000	  6240.000	   100.000	 29062.000	  6463.000	 29468.000	323185.000	   406.000	     0.232
     0.004	  8150.000	  6320.000	   100.000	 24163.000	  5347.000	 24486.000	267373.000	   323.000	     0.232
     0.004	  8250.000	  6400.000	   100.000	 23409.000	  5231.000	 23719.000	261586.000	   310.000	     0.232
     0.004	  8350.000	  6480.000	   100.000	 23353.000	  5210.000	 23690.000	260547.000	   337.000	     0.232
     0.004	  8450.000	  6560.000	   100.000	 23425.000	  5170.000	 23774.000	258536.000	   349.000	     0.232
     0.005	  8550.000	  6640.000	   100.000	 19804.000	  4395.000	 20086.000	219785.000	   282.000	     0.232
     0.004	  8650.000	  6720.000	   100.000	 26524.000	  5888.000	 26874.000	294439.000	   350.000	     0.232
     0.004	  8750.000	  6800.000	   100.000	 28526.000	  6369.000	 28944.000	318497.000	   418.000	     0.232
     0.004	  8850.000	  6880.000	   100.000	 24045.000	  5367.000	 24367.000	268383.000	   322.000	     0.232
     0.004	  8950.000	  6960.000	   100.000	 26233.000	  5793.000	 26601.000	289663.000	   368.000	     0.232
     0.004	  9050.000	  7040.000	   100.000	 25079.000	  5566.000	 25401.000	278355.000	   322.000	     0.232
     0.004	  9150.000	  7120.000	   100.000	 25514.000	  5683.000	 25853.000	284195.000	   339.000	     0.232
     0.004	  9250.000	  7200.000	   100.000	 24623.000	  5454.000	 24959.000	272711.000	   336.000	     0.232
     0.004	  9350.000	  7280.000	   100.000	 25182.000	  5554.000	 25535.000	277720.000	   353.000	     0.232
     0.004	  9450.000	  7360.000	   100.000	 24880.000	  5467.000	 25213.000	273362.000	   333.000	     0.232
     0.003	  9550.000	  7440.000	   100.000	 31762.000	  7029.000	 32148.000	351506.000	   386.000	     0.232
     0.004	  9650.000	  7520.000	   100.000	 24471.000	  5438.000	 24820.000	271955.000	   349.000	     0.232
     0.004	  9750.000	  7600.000	   100.000	 27895.000	  6246.000	 28269.000	312344.000	   374.000	     0.232
     0.004	  9850.000	  7680.000	   100.000	 26838.000	  5937.000	 27195.000	296879.000	   357.000	     0.232
     0.003	  9950.000	  7760.000	   100.000	 32158.000	  7161.000	 32540.000	358069.000	   382.000	     0.232
     0.003	 10050.000	  7840.000	   100.000	 28997.000	  6446.000	 29364.000	322325.000	   367.000	     0.232
     0.003	 10150.000	  7920.000	   100.000	 28630.000	  6377.000	 29002.000	318893.000	   372.000	     0.232
     0.003	 10250.000	  8000.000	   100.000	 28694.000	  6303.000	 29098.000	315204.000	   404.000	     0.232
     0.004	 10350.000	  8080.000	   100.000	 23047.000	  5094.000	 23377.000	254739.000	   330.000	     0.232
     0.003	 10450.000	  8160.000	   100.000	 29909.000	  6606.000	 30290.000	330332.000	   381.000	     0.232
     0.003	 10550.000	  8240.000	   100.000	 29912.000	  6678.000	 30299.000	333910.000	   387.000	     0.232
     0.003	 10650.000	  8320.000	   100.000	 30238.000	  6734.000	 30624.000	336731.000	   386.000	     0.232
     0.004	 10750.000	  8400.000	   100.000	 27365.000	  6103.000	 27742.000	305180.000	   377.000	     0.232
     0.003	 10850.000	  8480.000	   100.000	 32542.000	  7224.000	 32947.000	361220.000	   405.000	     0.232
     0.003	 10950.000	  8560.000	   100.000	 31782.000	  7108.000	 32167.000	355436.000	   385.000	     0.232
     0.003	 11050.000	  8640.000	   100.000	 29940.000	  6682.000	 30302.000	334153.000	   362.000	     0.232
     0.003	 11150.000	  8720.000	   100.000	 34813.000	  7719.000	 35188.000	385982.000	   375.000	     0.232
     0.003	 11250.000	  8800.000	   100.000	 35324.000	  7828.000	 35725.000	391411.000	   401.000	     0.232
     0.003	 11350.000	  8880.000	   100.000	 34344.000	  7663.000	 34721.000	383200.000	   377.000	     0.232
     0.003	 11450.000	  8960.000	   100.000	 34213.000	  7634.000	 34610.000	381715.000	   397.000	     0.232
     0.003	 11550.000	  9040.000	   100.000	 33588.000	  7444.000	 33993.000	372250.000	   405.000	     0.232
     0.003	 11650.000	  9120.000	   100.000	 33783.000	  7480.000	 34170.000	374022.000	   387.000	     0.232
     0.004	 11750.000	  9200.000	   100.000	 26310.000	  5792.000	 26656.000	289625.000	   346.000	     0.232
     0.002	 11850.000	  9280.000	   100.000	 41848.000	  9328.000	 42327.000	466432.000	   479.000	     0.232
     0.003	 11950.000	  9360.000	   100.000	 31976.000	  7033.000	 32364.000	351685.000	   388.000	     0.232
     0.003	 12050.000	  9440.000	   100.000	 38142.000	  8436.000	 38558.000	421852.000	   416.000	     0.232
     0.002	 12150.000	  9520.000	   100.000	 40304.000	  8935.000	 40776.000	446765.000	   472.000	     0.232
     0.003	 12250.000	  9600.000	   100.000	 34721.000	  7657.000	 35130.000	382899.000	   409.000	     0.232
     0.002	 12350.000	  9680.000	   100.000	 40141.000	  8930.000	 40594.000	446527.000	   453.000	     0.232
     0.002	 12450.000	  9760.000	   100.000	 40637.000	  9003.000	 41044.000	450204.000	   407.000	     0.232
     0.003	 12550.000	  9840.000	   100.000	 33909.000	  7508.000	 34323.000	375417.000	   414.000	     0.232
     0.003	 12650.000	  9920.000	   100.000	 36976.000	  8128.000	 37392.000	406431.000	   416.000	     0.232
     0.002	 12750.000	 10000.000	   100.000	 43206.000	  9636.000	 43680.000	481846.000	   474.000	     0.232
     0.003	 12850.000	 10080.000	   100.000	 35128.000	  7842.000	 35553.000	392111.000	   425.000	     0.232
     0.002	 12950.000	 10160.000	   100.000	 43782.000	  9654.000	 44270.000	482723.000	   488.000	     0.232
     0.003	 13050.000	 10240.000	   100.000	 39444.000	  8815.000	 39885.000	440778.000	   441.000	     0.232
     0.003	 13150.000	 10320.000	   100.000	 30573.000	  6769.000	 30954.000	338462.000	   381.000	     0.232
     0.003	 13250.000	 10400.000	   100.000	 36112.000	  8082.000	 36513.000	404157.000	   400.000	     0.232
     0.002	 13350.000	 10480.000	   100.000	 40164.000	  8891.000	 40608.000	444591.000	   439.000	     0.232
     0.002	 13450.000	 10560.000	   100.000	 42250.000	  9330.000	 42706.000	466533.000	   451.000	     0.232
     0.003	 13550.000	 10640.000	   100.000	 37184.000	  8236.000	 37594.000	411841.000	   410.000	     0.232
     0.003	 13650.000	 10720.000	   100.000	 38880.000	  8600.000	 39293.000	430013.000	   413.000	     0.232
     0.003	 13750.000	 10800.000	   100.000	 35952.000	  7984.000	 36384.000	399235.000	   432.000	     0.232
     0.003	 13850.000	 10880.000	   100.000	 38805.000	  8644.000	 39218.000	432246.000	   413.000	     0.232
     0.002	 13950.000	 10960.000	   100.000	 42878.000	  9582.000	 43358.000	479136.000	   480.000	     0.232
     0.002	 14050.000	 11040.000	   100.000	 40983.000	  9153.000	 41468.000	457707.000	   485.000	     0.232
     0.003	 14150.000	 11120.000	   100.000	 35043.000	  7758.000	 35437.000	387956.000	   394.000	     0.232
     0.002	 14250.000	 11200.000	   100.000	 46947.000	 10371.000	 47436.000	518585.000	   489.000	     0.232
     0.003	 14350.000	 11280.000	   100.000	 34203.000	  7650.000	 34611.000	382553.000	   408.000	     0.232
     0.002	 14450.000	 11360.000	   100.000	 48444.000	 10762.000	 48988.000	538121.000	   544.000	     0.232
     0.003	 14550.000	 11440.000	   100.000	 35071.000	  7818.000	 35486.000	390938.000	   415.000	     0.232
     0.003	 14650.000	 11520.000	   100.000	 39165.000	  8754.000	 39582.000	437712.000	   417.000	     0.232
     0.002	 14750.000	 11600.000	   100.000	 42717.000	  9587.000	 43180.000	479374.000	   463.000	     0.232
     0.002	 14850.000	 11680.000	   100.000	 45592.000	 10066.000	 46086.000	503352.000	   494.000	     0.232
     0.002	 14950.000	 11760.000	   100.000	 47660.000	 10586.000	 48183.000	529315.000	   523.000	     0.232
     0.002	 15050.000	 11840.000	   100.000	 41057.000	  9181.000	 41507.000	459092.000	   450.000	     0.232
     0.003	 15150.000	 11920.000	   100.000	 36801.000	  8211.000	 37189.000	410566.000	   388.000	     0.232
     0.002	 15250.000	 12000.000	   100.000	 42696.000	  9536.000	 43188.000	476840.000	   492.000	     0.232
     0.003	 15350.000	 12080.000	   100.000	 39314.000	  8706.000	 39734.000	435326.000	   420.000	     0.232
     0.002	 15450.000	 12160.000	   100.000	 47270.000	 10505.000	 47764.000	525278.000	   494.000	     0.232
     0.002	 15550.000	 12240.000	   100.000	 46382.000	 10430.000	 46887.000	521527.000	   505.000	     0.232
     0.002	 15650.000	 12320.000	   100.000	 42615.000	  9485.000	 43075.000	474282.000	   460.000	     0.232
     0.003	 15750.000	 12400.000	   100.000	 35362.000	  7799.000	 35758.000	389969.000	   396.000	     0.232
     0.002	 15850.000	 12480.000	   100.000	 50839.000	 11254.000	 51363.000	562731.000	   524.000	     0.232
     0.002	 15950.000	 12560.000	   100.000	 49728.000	 11015.000	 50260.000	550789.000	   532.000	     0.232
     0.003	 16050.000	 12640.000	   100.000	 38316.000	  8547.000	 38727.000	427405.000	   411.000	     0.232
     0.002	 16150.000	 12720.000	   100.000	 45205.000	 10083.000	 45675.000	504196.000	   470.000	     0.232
     0.002	 16250.000	 12800.000	   100.000	 47655.000	 10575.000	 48122.000	528772.000	   467.000	     0.232
     0.002	 16350.000	 12880.000	   100.000	 47903.000	 10684.000	 48412.000	534220.000	   509.000	     0.232
     0.002	 16450.000	 12960.000	   100.000	 52232.000	 11666.000	 52774.000	583329.000	   542.000	     0.232
     0.002	 16550.000	 13040.000	   100.000	 48991.000	 10939.000	 49506.000	546968.000	   515.000	     0.232
     0.002	 16650.000	 13120.000	   100.000	 44359.000	  9883.000	 44866.000	494187.000	   507.000	     0.232
     0.002	 16750.000	 13200.000	   100.000	 45326.000	 10135.000	 45809.000	506803.000	   483.000	     0.232
     0.002	 16850.000	 13280.000	   100.000	 41645.000	  9202.000	 42095.000	460156.000	   450.000	     0.232
     0.002	 16950.000	 13360.000	   100.000	 46978.000	 10455.000	 47486.000	522778.000	   508.000	     0.232
     0.002	 17050.000	 13440.000	   100.000	 41438.000	  9295.000	 41902.000	464798.000	   464.000	     0.232
     0.002	 17150.000	 13520.000	   100.000	 42811.000	  9530.000	 43231.000	476539.000	   420.000	     0.232
     0.002	 17250.000	 13600.000	   100.000	 48883.000	 10907.000	 49427.000	545391.000	   544.000	     0.232
     0.002	 17350.000	 13680.000	   100.000	 48532.000	 10811.000	 49037.000	540580.000	   505.000	     0.232
     0.002	 17450.000	 13760.000	   100.000	 50425.000	 11342.000	 50912.000	567121.000	   487.000	     0.232
     0.002	 17550.000	 13840.000	   100.000	 46692.000	 10461.000	 47157.000	523076.000	   465.000	     0.232
     0.002	 17650.000	 13920.000	   100.000	 53295.000	 11880.000	 53865.000	594030.000	   570.000	     0.232
     0.002	 17750.000	 14000.000	   100.000	 45777.000	 10246.000	 46287.000	512324.000	   510.000	     0.232
     0.002	 17850.000	 14080.000	   100.000	 46132.000	 10243.000	 46613.000	512175.000	   481.000	     0.232
     0.002	 17950.000	 14160.000	   100.000	 43982.000	  9846.000	 44396.000	492346.000	   414.000	     0.232
     0.002	 18050.000	 14240.000	   100.000	 44818.000	  9928.000	 45299.000	496413.000	   481.000	     0.232
     0.002	 18150.000	 14320.000	   100.000	 52085.000	 11559.000	 52644.000	577993.000	   559.000	     0.232
