P			T(ns)		T(точки)	n		N		Exposition(ms)	Ch1		Ch2		SS		Temp
0.27980119760479044	000850.000	000480.000	000100.000	000334.000	000056.000	000483.000	002834.000	000149.000	000000.226
0.24599792229898867	000950.000	000560.000	000100.000	000384.000	000074.000	000532.000	003713.000	000148.000	000000.226
0.25614170685216403	001050.000	000640.000	000100.000	000366.000	000065.000	000516.000	003293.000	000150.000	000000.226
0.2192186303048874	001150.000	000720.000	000100.000	000428.000	000069.000	000572.000	003478.000	000144.000	000000.226
0.21642304679980276	001250.000	000800.000	000100.000	000436.000	000078.000	000581.000	003915.000	000145.000	000000.226
0.1718747280215285	001350.000	000880.000	000100.000	000543.000	000095.000	000695.000	004775.000	000152.000	000000.226
0.18636725960731668	001450.000	000960.000	000100.000	000505.000	000085.000	000649.000	004281.000	000144.000	000000.226
0.16775418009123783	001550.000	001040.000	000100.000	000567.000	000097.000	000704.000	004863.000	000137.000	000000.226
0.18657313856081176	001650.000	001120.000	000100.000	000505.000	000092.000	000652.000	004611.000	000147.000	000000.226
0.1668878060191423	001750.000	001200.000	000100.000	000569.000	000103.000	000710.000	005197.000	000141.000	000000.226
0.15522024161720763	001850.000	001280.000	000100.000	000614.000	000109.000	000751.000	005453.000	000137.000	000000.226
0.1422318358576251	001950.000	001360.000	000100.000	000669.000	000118.000	000807.000	005914.000	000138.000	000000.226
0.11399367009594175	002050.000	001440.000	000100.000	000813.000	000140.000	000969.000	007030.000	000156.000	000000.226
0.11579083686849515	002150.000	001520.000	000100.000	000807.000	000141.000	000958.000	007084.000	000151.000	000000.226
0.12138746509024287	002250.000	001600.000	000100.000	000787.000	000142.000	000923.000	007128.000	000136.000	000000.226
0.10988322984048338	002350.000	001680.000	000100.000	000855.000	000147.000	001001.000	007356.000	000146.000	000000.226
0.111239952318446	002450.000	001760.000	000100.000	000835.000	000145.000	000990.000	007290.000	000155.000	000000.226
0.08683824147385794	002550.000	001840.000	000100.000	001083.000	000185.000	001228.000	009268.000	000145.000	000000.226
0.09235168198499817	002650.000	001920.000	000100.000	001018.000	000180.000	001165.000	009011.000	000147.000	000000.226
0.07817402120036386	002750.000	002000.000	000100.000	001180.000	000206.000	001340.000	010310.000	000160.000	000000.226
0.0775229052448102	002850.000	002080.000	000100.000	001191.000	000203.000	001349.000	010197.000	000158.000	000000.226
0.07247325887405091	002950.000	002160.000	000100.000	001282.000	000224.000	001437.000	011228.000	000155.000	000000.226
0.07406362406362406	003050.000	002240.000	000100.000	001260.000	000217.000	001411.000	010880.000	000151.000	000000.226
0.06545430651533242	003150.000	002320.000	000100.000	001403.000	000258.000	001570.000	012912.000	000167.000	000000.226
0.06065605615976374	003250.000	002400.000	000100.000	001538.000	000264.000	001689.000	013226.000	000151.000	000000.226
0.06238937569203496	003350.000	002480.000	000100.000	001497.000	000265.000	001649.000	013286.000	000152.000	000000.226
0.05511803805836329	003450.000	002560.000	000100.000	001674.000	000288.000	001833.000	014447.000	000159.000	000000.226
0.05018753080647154	003550.000	002640.000	000100.000	001839.000	000327.000	002000.000	016398.000	000161.000	000000.226
0.05419035892901894	003650.000	002720.000	000100.000	001715.000	000296.000	001869.000	014826.000	000154.000	000000.226
0.05249673744079192	003750.000	002800.000	000100.000	001754.000	000314.000	001917.000	015705.000	000163.000	000000.226
0.05665499239771	003850.000	002880.000	000100.000	001673.000	000296.000	001814.000	014823.000	000141.000	000000.226
0.04733831709083789	003950.000	002960.000	000100.000	001964.000	000335.000	002117.000	016776.000	000153.000	000000.226
0.04115328715303273	004050.000	003040.000	000100.000	002202.000	000391.000	002376.000	019573.000	000174.000	000000.226
0.047973041485557456	004150.000	003120.000	000100.000	001960.000	000341.000	002106.000	017055.000	000146.000	000000.226
0.036752786189496456	004250.000	003200.000	000100.000	002471.000	000415.000	002639.000	020767.000	000168.000	000000.226
0.043576992445826905	004350.000	003280.000	000100.000	002144.000	000362.000	002293.000	018132.000	000149.000	000000.226
0.03386873462659541	004450.000	003360.000	000100.000	002726.000	000480.000	002886.000	024040.000	000160.000	000000.226
0.036026226005574716	004550.000	003440.000	000100.000	002581.000	000463.000	002737.000	023181.000	000156.000	000000.226
0.032037670774746375	004650.000	003520.000	000100.000	002850.000	000489.000	003016.000	024489.000	000166.000	000000.226
0.033509149938090455	004750.000	003600.000	000100.000	002725.000	000487.000	002894.000	024368.000	000169.000	000000.226
0.028629226560065137	004850.000	003680.000	000100.000	003170.000	000557.000	003342.000	027857.000	000172.000	000000.226
0.027965384245954877	004950.000	003760.000	000100.000	003262.000	000563.000	003429.000	028163.000	000167.000	000000.226
0.02778809540735478	005050.000	003840.000	000100.000	003314.000	000569.000	003474.000	028451.000	000160.000	000000.226
0.023224026512961703	005150.000	003920.000	000100.000	003926.000	000701.000	004096.000	035076.000	000170.000	000000.226
0.025358472450559666	005250.000	004000.000	000100.000	003582.000	000603.000	003750.000	030156.000	000168.000	000000.226
0.025970633850040514	005350.000	004080.000	000100.000	003561.000	000630.000	003720.000	031505.000	000159.000	000000.226
0.03113550347626235	005450.000	004160.000	000100.000	003018.000	000510.000	003163.000	025529.000	000145.000	000000.226
0.024274649346411995	005550.000	004240.000	000100.000	003809.000	000652.000	003966.000	032612.000	000157.000	000000.226
0.021366608707595366	005650.000	004320.000	000100.000	004235.000	000770.000	004412.000	038516.000	000177.000	000000.226
0.02073988923786651	005750.000	004400.000	000100.000	004348.000	000768.000	004525.000	038431.000	000177.000	000000.226
0.021946970490122123	005850.000	004480.000	000100.000	004150.000	000734.000	004320.000	036717.000	000170.000	000000.226
0.024218037382476205	005950.000	004560.000	000100.000	003880.000	000682.000	004027.000	034102.000	000147.000	000000.226
0.01888159560060419	006050.000	004640.000	000100.000	004832.000	000846.000	005000.000	042323.000	000168.000	000000.226
0.017073192160915376	006150.000	004720.000	000100.000	005270.000	000904.000	005446.000	045225.000	000176.000	000000.226
0.017982330032306905	006250.000	004800.000	000100.000	005099.000	000899.000	005264.000	044992.000	000165.000	000000.226
0.016994816628860987	006350.000	004880.000	000100.000	005240.000	000956.000	005429.000	047841.000	000189.000	000000.226
0.015414453415175746	006450.000	004960.000	000100.000	005925.000	001047.000	006093.000	052399.000	000168.000	000000.226
0.013804175175384566	006550.000	005040.000	000100.000	006349.000	001133.000	006547.000	056700.000	000198.000	000000.226
0.012609501196193765	006650.000	005120.000	000100.000	007100.000	001253.000	007285.000	062693.000	000182.000	000000.226
0.012737372123693963	006750.000	005200.000	000100.000	006843.000	001192.000	007042.000	059612.000	000199.000	000000.226
0.013810093854023363	006850.000	005280.000	000100.000	006348.000	001104.000	006543.000	055244.000	000195.000	000000.226
0.01175519552848925	006950.000	005360.000	000100.000	007516.000	001324.000	007707.000	066235.000	000191.000	000000.226
0.011540973138298641	007050.000	005440.000	000100.000	007580.000	001338.000	007778.000	066915.000	000198.000	000000.226
0.013677685803765108	007150.000	005520.000	000100.000	006452.000	001128.000	006643.000	056414.000	000191.000	000000.226
0.012147035822601036	007250.000	005600.000	000100.000	007187.000	001252.000	007385.000	062649.000	000198.000	000000.226
0.009795966866111002	007350.000	005680.000	000100.000	008799.000	001539.000	009006.000	076997.000	000207.000	000000.226
0.009079029445377845	007450.000	005760.000	000100.000	009549.000	001655.000	009751.000	082758.000	000202.000	000000.226
0.009331340133821907	007550.000	005840.000	000100.000	009331.000	001658.000	009533.000	082944.000	000202.000	000000.226
0.00962490197282823	007650.000	005920.000	000100.000	008831.000	001565.000	009049.000	078290.000	000218.000	000000.226
0.009246171689077164	007750.000	006000.000	000100.000	009026.000	001588.000	009255.000	079405.000	000229.000	000000.226
0.009513902445916149	007850.000	006080.000	000100.000	009027.000	001599.000	009238.000	080000.000	000211.000	000000.226
0.007839170301711577	007950.000	006160.000	000100.000	010909.000	001935.000	011123.000	096780.000	000214.000	000000.226
0.0075292086414609286	008050.000	006240.000	000100.000	011087.000	001979.000	011318.000	098985.000	000231.000	000000.226
0.008059208225528346	008150.000	006320.000	000100.000	010636.000	001851.000	010846.000	092553.000	000210.000	000000.226
0.007108120423590599	008250.000	006400.000	000100.000	011792.000	002072.000	012018.000	103615.000	000226.000	000000.226
0.00954833616770377	008350.000	006480.000	000100.000	009258.000	001637.000	009449.000	081876.000	000191.000	000000.226
0.006383519148395865	008450.000	006560.000	000100.000	012923.000	002266.000	013159.000	113320.000	000236.000	000000.226
0.007215640239783359	008550.000	006640.000	000100.000	011646.000	002041.000	011877.000	102091.000	000224.000	000000.226
0.008607208596940866	008650.000	006720.000	000100.000	010269.000	001797.000	010459.000	089856.000	000190.000	000000.226
0.006933765279394651	008750.000	006800.000	000100.000	011938.000	002110.000	012173.000	105503.000	000235.000	000000.226
0.0065920216169318945	008850.000	006880.000	000100.000	012902.000	002311.000	013121.000	115602.000	000219.000	000000.226
0.007039767564837179	008950.000	006960.000	000100.000	012128.000	002150.000	012343.000	107515.000	000215.000	000000.226
0.00586265249272987	009050.000	007040.000	000100.000	013939.000	002444.000	014181.000	122215.000	000242.000	000000.226
0.005687334883782925	009150.000	007120.000	000100.000	014296.000	002488.000	014540.000	124419.000	000244.000	000000.226
0.005984799481664479	009250.000	007200.000	000100.000	013809.000	002424.000	014044.000	121220.000	000235.000	000000.226
0.006064640477859048	009350.000	007280.000	000100.000	013492.000	002377.000	013734.000	118899.000	000242.000	000000.226
0.005888599420435027	009450.000	007360.000	000100.000	013989.000	002454.000	014226.000	122730.000	000237.000	000000.226
0.006271911884682974	009550.000	007440.000	000100.000	013447.000	002398.000	013671.000	119913.000	000224.000	000000.226
0.005830314879236388	009650.000	007520.000	000100.000	014154.000	002485.000	014390.000	124291.000	000236.000	000000.226
0.004355913989325143	009750.000	007600.000	000100.000	017462.000	003106.000	017751.000	155337.000	000289.000	000000.226
0.006665802488832163	009850.000	007680.000	000100.000	012800.000	002261.000	013015.000	113088.000	000215.000	000000.226
0.004442103134548219	009950.000	007760.000	000100.000	017826.000	003148.000	018089.000	157419.000	000263.000	000000.226
0.0047458819524116526	010050.000	007840.000	000100.000	017108.000	003016.000	017355.000	150825.000	000247.000	000000.226
0.005061760673884861	010150.000	007920.000	000100.000	015804.000	002796.000	016061.000	139841.000	000257.000	000000.226
0.006003879392067752	010250.000	008000.000	000100.000	014175.000	002529.000	014393.000	126471.000	000218.000	000000.226
0.0050275865124015	010350.000	008080.000	000100.000	015386.000	002726.000	015664.000	136324.000	000278.000	000000.226
0.004222510639452719	010450.000	008160.000	000100.000	018203.000	003243.000	018486.000	162174.000	000283.000	000000.226
0.004335193573064522	010550.000	008240.000	000100.000	018398.000	003203.000	018654.000	160193.000	000256.000	000000.226
0.004181301195494955	010650.000	008320.000	000100.000	018234.000	003219.000	018520.000	160986.000	000286.000	000000.226
0.0038934146313651563	010750.000	008400.000	000100.000	019795.000	003486.000	020074.000	174323.000	000279.000	000000.226
0.003873721957343356	010850.000	008480.000	000100.000	019686.000	003478.000	019972.000	173911.000	000286.000	000000.226
0.0047955261881522625	010950.000	008560.000	000100.000	016921.000	002994.000	017169.000	149741.000	000248.000	000000.226
0.0034739496936264545	011050.000	008640.000	000100.000	021577.000	003808.000	021873.000	190453.000	000296.000	000000.226
0.0039263024953695835	011150.000	008720.000	000100.000	019674.000	003436.000	019950.000	171851.000	000276.000	000000.226
0.004507177208911807	011250.000	008800.000	000100.000	018043.000	003200.000	018290.000	160053.000	000247.000	000000.226
0.002959724781008883	011350.000	008880.000	000100.000	024383.000	004342.000	024703.000	217113.000	000320.000	000000.226
0.0044482973002094965	011450.000	008960.000	000100.000	018259.000	003223.000	018506.000	161192.000	000247.000	000000.226
0.0035996192899082767	011550.000	009040.000	000100.000	021371.000	003798.000	021653.000	189949.000	000282.000	000000.226
0.004210784758131041	011650.000	009120.000	000100.000	018473.000	003263.000	018747.000	163169.000	000274.000	000000.226
0.004472695277512299	011750.000	009200.000	000100.000	017770.000	003213.000	018035.000	160656.000	000265.000	000000.226
0.004103290926451573	011850.000	009280.000	000100.000	019446.000	003391.000	019702.000	169568.000	000256.000	000000.226
0.003359685096001847	011950.000	009360.000	000100.000	022292.000	003944.000	022589.000	197212.000	000297.000	000000.226
0.0033137792469270233	012050.000	009440.000	000100.000	023059.000	004097.000	023345.000	204891.000	000286.000	000000.226
0.003830678448757387	012150.000	009520.000	000100.000	020458.000	003624.000	020728.000	181232.000	000270.000	000000.226
0.0031151507790963162	012250.000	009600.000	000100.000	023499.000	004170.000	023810.000	208530.000	000311.000	000000.226
0.004059745194207089	012350.000	009680.000	000100.000	019195.000	003392.000	019468.000	169637.000	000273.000	000000.226
0.002678662629953535	012450.000	009760.000	000100.000	027475.000	004878.000	027783.000	243914.000	000308.000	000000.226
0.003730151138120563	012550.000	009840.000	000100.000	020673.000	003701.000	020955.000	185070.000	000282.000	000000.226
0.0026755490553654372	012650.000	009920.000	000100.000	026489.000	004694.000	026818.000	234746.000	000329.000	000000.226
0.0036581994653499634	012750.000	010000.000	000100.000	021063.000	003743.000	021344.000	187200.000	000281.000	000000.226
0.002607696328609821	012850.000	010080.000	000100.000	027336.000	004868.000	027663.000	243427.000	000327.000	000000.226
0.003044185511592836	012950.000	010160.000	000100.000	024021.000	004287.000	024334.000	214397.000	000313.000	000000.226
0.002707292925121088	013050.000	010240.000	000100.000	026898.000	004753.000	027211.000	237694.000	000313.000	000000.226
0.0026090408065006358	013150.000	010320.000	000100.000	027784.000	004958.000	028102.000	247952.000	000318.000	000000.226
0.003216493580810976	013250.000	010400.000	000100.000	023262.000	004142.000	023561.000	207119.000	000299.000	000000.226
0.002370439355339675	013350.000	010480.000	000100.000	029808.000	005309.000	030140.000	265493.000	000332.000	000000.226
0.0030627442400580638	013450.000	010560.000	000100.000	024854.000	004389.000	025141.000	219493.000	000287.000	000000.226
0.0025465280425246003	013550.000	010640.000	000100.000	028194.000	004982.000	028515.000	249122.000	000321.000	000000.226
0.00292521682222941	013650.000	010720.000	000100.000	025681.000	004601.000	025979.000	230076.000	000298.000	000000.226
0.0030995854817159104	013750.000	010800.000	000100.000	024083.000	004243.000	024381.000	212167.000	000298.000	000000.226
0.001953671343552824	013850.000	010880.000	000100.000	035078.000	006207.000	035425.000	310404.000	000347.000	000000.226
0.0016801882101407121	013950.000	010960.000	000100.000	035873.000	006352.000	036285.000	317608.000	000412.000	000000.226
0.003087687705704219	014050.000	011040.000	000100.000	023682.000	004227.000	023995.000	211359.000	000313.000	000000.226
0.002012266776050999	014150.000	011120.000	000100.000	032479.000	005749.000	032851.000	287484.000	000372.000	000000.226
0.00251576371772476	014250.000	011200.000	000100.000	029000.000	005191.000	029315.000	259560.000	000315.000	000000.226
0.00253600474932538	014350.000	011280.000	000100.000	027646.000	004936.000	027983.000	246856.000	000337.000	000000.226
0.002848020928555144	014450.000	011360.000	000100.000	025327.000	004523.000	025648.000	226175.000	000321.000	000000.226
0.0020636356656011596	014550.000	011440.000	000100.000	032934.000	005839.000	033286.000	291996.000	000352.000	000000.226
0.002229355596713542	014650.000	011520.000	000100.000	031614.000	005643.000	031948.000	282203.000	000334.000	000000.226
0.0020254596741192165	014750.000	011600.000	000100.000	032184.000	005709.000	032558.000	285495.000	000374.000	000000.226
0.002795067261963412	014850.000	011680.000	000100.000	026726.000	004717.000	027024.000	235894.000	000298.000	000000.226
0.002091379636584638	014950.000	011760.000	000100.000	032659.000	005784.000	033008.000	289211.000	000349.000	000000.226
0.0026146546981285885	015050.000	011840.000	000100.000	027489.000	004889.000	027811.000	244463.000	000322.000	000000.226
0.0020800552355704225	015150.000	011920.000	000100.000	033660.000	005993.000	033997.000	299704.000	000337.000	000000.226
0.001952265117597688	015250.000	012000.000	000100.000	034821.000	006242.000	035176.000	312126.000	000355.000	000000.226
0.00203505384217857	015350.000	012080.000	000100.000	032828.000	005838.000	033190.000	291945.000	000362.000	000000.226
0.0022255042285905073	015450.000	012160.000	000100.000	030972.000	005503.000	031317.000	275186.000	000345.000	000000.226
0.001621415072352902	015550.000	012240.000	000100.000	038564.000	006863.000	038960.000	343192.000	000396.000	000000.226
0.0021612650947740726	015650.000	012320.000	000100.000	031749.000	005673.000	032098.000	283661.000	000349.000	000000.226
0.0022368280932039196	015750.000	012400.000	000100.000	031951.000	005633.000	032274.000	281681.000	000323.000	000000.226
0.0020592891371050415	015850.000	012480.000	000100.000	033081.000	005788.000	033428.000	289413.000	000347.000	000000.226
0.002220507020024512	015950.000	012560.000	000100.000	031336.000	005509.000	031673.000	275487.000	000337.000	000000.226
0.0017662545508031048	016050.000	012640.000	000100.000	035310.000	006223.000	035704.000	311158.000	000394.000	000000.226
0.0017924073292437301	016150.000	012720.000	000100.000	035910.000	006401.000	036292.000	320089.000	000382.000	000000.226
0.002118234672105316	016250.000	012800.000	000100.000	032224.000	005699.000	032573.000	285005.000	000349.000	000000.226
0.0017629921821607063	016350.000	012880.000	000100.000	035663.000	006380.000	036058.000	319035.000	000395.000	000000.226
0.0024536028217079235	016450.000	012960.000	000100.000	029799.000	005273.000	030110.000	263668.000	000311.000	000000.226
0.0017796224275964498	016550.000	013040.000	000100.000	036786.000	006572.000	037160.000	328647.000	000374.000	000000.226
0.0014411873622960057	016650.000	013120.000	000100.000	041008.000	007216.000	041427.000	360852.000	000419.000	000000.226
0.0018865369889450201	016750.000	013200.000	000100.000	034525.000	006116.000	034899.000	305835.000	000374.000	000000.226
0.0014147289273546944	016850.000	013280.000	000100.000	041422.000	007411.000	041851.000	370604.000	000429.000	000000.226
0.0019731082364311753	016950.000	013360.000	000100.000	034560.000	006123.000	034910.000	306178.000	000350.000	000000.226
0.0015220202829447362	017050.000	013440.000	000100.000	040450.000	007228.000	040855.000	361446.000	000405.000	000000.226
0.001803309930689395	017150.000	013520.000	000100.000	036427.000	006503.000	036799.000	325203.000	000372.000	000000.226
0.001625693801980387	017250.000	013600.000	000100.000	039921.000	007030.000	040295.000	351549.000	000374.000	000000.226
0.0017865496981522876	017350.000	013680.000	000100.000	035497.000	006260.000	035883.000	313008.000	000386.000	000000.226
0.001768055121206732	017450.000	013760.000	000100.000	037096.000	006584.000	037467.000	329231.000	000371.000	000000.226
0.0018025895016425663	017550.000	013840.000	000100.000	036482.000	006376.000	036847.000	318851.000	000365.000	000000.226
0.0017156568289579438	017650.000	013920.000	000100.000	038183.000	006852.000	038558.000	342619.000	000375.000	000000.226
0.0026225184253552947	017750.000	014000.000	000100.000	027443.000	004836.000	027762.000	241855.000	000319.000	000000.226
0.0019617929292118684	017850.000	014080.000	000100.000	034185.000	006039.000	034543.000	301968.000	000358.000	000000.226
0.00209965365999534	017950.000	014160.000	000100.000	033251.000	005886.000	033588.000	294329.000	000337.000	000000.226
0.001345236344826955	018050.000	014240.000	000100.000	042428.000	007490.000	042864.000	374543.000	000436.000	000000.226
0.0019544335615102873	018150.000	014320.000	000100.000	035499.000	006297.000	035840.000	314904.000	000341.000	000000.226
