0.018711385252842556
0.016824625893898312
0.015535499076412709
0.013165919874800303
0.013460729229036355
0.013403654692967518
0.011450423653010243
0.010135889328109412
0.009780876493353569
0.009842293773868138
0.008931068416488643
0.00811651624821306
0.009213628952558806
0.007809593482253521
0.007624851415269143
0.007317059868786937
0.006960108051293305
0.006463944341480126
0.005884941096792776
0.005416493110875423
0.0056364704369669845
0.005357329979685518
0.004737597873650838
0.0048613027561808285
0.0045546041744290115
0.005062486132377401
0.004340703327074612
0.004302503426971293
0.004236161402991918
0.0040328825109670185
0.0036328067047171715
0.0035453015152981356
0.0032698061477774536
0.003362736632459379
0.002876522365103469
0.0028482779420039434
0.003043138335649101
0.0028702498505034
0.0028131398091117755
0.0026224119175477646
0.0026045115384872196
0.0027011877237355423
0.0025041185276199565
0.002217541623892559
0.002249482636112866
0.0023495613509807523
0.0023406908400266935
0.0020103935359948766
0.002155348055235207
0.00216045418245178
0.0021134824511884203
0.002125235217501361
0.001999783627732519
0.0018570265726648122
0.0019218173168023555
0.00174701684069675
0.001782815213855566
0.0019480468295481148
0.0017877003690885528
0.001747761639687613
0.001792167805314216
0.0017165955709809028
0.0017494891787526012
0.0015325914342962782
0.0015510850420635703
0.0015937080528031836
0.001626451624783546
0.0016752056316218754
0.0015047380809716702
0.0015159132297378629
0.001553467405005006
0.0013798724904967507
0.0014397142219360229
0.0013660760946568149
0.001483348496329242
0.0013470790233319203
0.00132797537912312
0.001425635975863013
0.0013419660984713537
0.001265506998639011
0.001271488775997158
0.0013443242015216132
0.0011931746952349247
0.0013016323675234423
0.0012909334767191858
0.0011894301062737437
0.0012463064467048593
0.0012644628128900871
0.0012485944088419085
0.0011922499812179405
0.0013092520522675305
0.001216532479161346
0.0011577587956848037
0.0012216662436113812
0.0012506926671539318
0.001202786712099778
0.0011766082225142783
0.0011570406788421952
0.001146873412097623
0.0011128820324214242
0.0012480492469253163
0.0012063324261005683
0.0011068345215699924
0.0011469229762907814
0.0011269767264117298
0.0011444314534617317
0.00103868098099044
0.0011500970322380966
0.0010909731658382373
0.0011439705880601108
0.0010982255109467588
0.0010946681419825167
0.001109992175546173
0.0011583832347919914
0.0010142821042466862
0.0010677335104550393
0.0010794852686772504
0.0010417210494715894
0.0010959750483732482
0.001043056294083814
0.0010257622851514044
0.0010547985231131923
0.0009892379978437764
0.0009612692712242311
0.0010277847245411822
0.0010161496588359767
0.0010469110377030687
0.001097782539823677
0.0010332959412092274
0.0010226275121001348
0.001000030710720102
0.0009197081231687125
0.0010062592143066898
0.0009843799940864885
0.0009710561402231363
0.0010601767735096003
0.0009850214082255096
0.001025479170970287
0.0009768765187363367
0.0009837118917426079
0.0010076500529021472
0.0009125187494624718
0.0009744395912935132
0.0009799562689823853
0.0009899701847404193
0.0009428388040779246
0.0009685260104516098
0.0010199946094314805
0.0009532580066624575
0.0010190014874027196
0.0009155157137941357
0.0009832848918309755
0.0009589848308951684
0.0009693426514580221
0.0009620662108093059
0.0009609091091499936
0.0009539425785298971
0.0010010677240411571
0.000929932663969665
0.0009151679204306435
0.0009460202588278593
0.0008903346734277787
0.0009347565795072542
0.0009084436660593258
0.0009402504228281441
0.000923439289662795
0.0009423389108527254
0.0009729235947978733
0.000971950887047902
0.000933134390371173
0.0009904876348092095
0.0008633817333233842
0.0009156229269256267
0.000950874232621142
0.018711385252842556
0.016824625893898312
0.015535499076412709
0.013165919874800303
0.013460729229036355
0.013403654692967518
0.011450423653010243
0.010135889328109412
0.009780876493353569
0.009842293773868138
0.008931068416488643
0.00811651624821306
0.009213628952558806
0.007809593482253521
0.007624851415269143
0.007317059868786937
0.006960108051293305
0.006463944341480126
0.005884941096792776
0.005416493110875423
0.0056364704369669845
0.005357329979685518
0.004737597873650838
0.0048613027561808285
0.0045546041744290115
0.005062486132377401
0.004340703327074612
0.004302503426971293
0.004236161402991918
0.0040328825109670185
0.0036328067047171715
0.0035453015152981356
0.0032698061477774536
0.003362736632459379
0.002876522365103469
0.0028482779420039434
0.003043138335649101
0.0028702498505034
0.0028131398091117755
0.0026224119175477646
0.0026045115384872196
0.0027011877237355423
0.0025041185276199565
0.002217541623892559
0.002249482636112866
0.0023495613509807523
0.0023406908400266935
0.0020103935359948766
0.002155348055235207
0.00216045418245178
0.0021134824511884203
0.002125235217501361
0.001999783627732519
0.0018570265726648122
0.0019218173168023555
0.00174701684069675
0.001782815213855566
0.0019480468295481148
0.0017877003690885528
0.001747761639687613
0.001792167805314216
0.0017165955709809028
0.0017494891787526012
0.0015325914342962782
0.0015510850420635703
0.0015937080528031836
0.001626451624783546
0.0016752056316218754
0.0015047380809716702
0.0015159132297378629
0.001553467405005006
0.0013798724904967507
0.0014397142219360229
0.0013660760946568149
0.001483348496329242
0.0013470790233319203
0.00132797537912312
0.001425635975863013
0.0013419660984713537
0.001265506998639011
0.001271488775997158
0.0013443242015216132
0.0011931746952349247
0.0013016323675234423
0.0012909334767191858
0.0011894301062737437
0.0012463064467048593
0.0012644628128900871
0.0012485944088419085
0.0011922499812179405
0.0013092520522675305
0.001216532479161346
0.0011577587956848037
0.0012216662436113812
0.0012506926671539318
0.001202786712099778
0.0011766082225142783
0.0011570406788421952
0.001146873412097623
0.0011128820324214242
0.0012480492469253163
0.0012063324261005683
0.0011068345215699924
0.0011469229762907814
0.0011269767264117298
0.0011444314534617317
0.00103868098099044
0.0011500970322380966
0.0010909731658382373
0.0011439705880601108
0.0010982255109467588
0.0010946681419825167
0.001109992175546173
0.0011583832347919914
0.0010142821042466862
0.0010677335104550393
0.0010794852686772504
0.0010417210494715894
0.0010959750483732482
0.001043056294083814
0.0010257622851514044
0.0010547985231131923
0.0009892379978437764
0.0009612692712242311
0.0010277847245411822
0.0010161496588359767
0.0010469110377030687
0.001097782539823677
0.0010332959412092274
0.0010226275121001348
0.001000030710720102
0.0009197081231687125
0.0010062592143066898
0.0009843799940864885
0.0009710561402231363
0.0010601767735096003
0.0009850214082255096
0.001025479170970287
0.0009768765187363367
0.0009837118917426079
0.0010076500529021472
0.0009125187494624718
0.0009744395912935132
0.0009799562689823853
0.0009899701847404193
0.0009428388040779246
0.0009685260104516098
0.0010199946094314805
0.0009532580066624575
0.0010190014874027196
0.0009155157137941357
0.0009832848918309755
0.0009589848308951684
0.0009693426514580221
0.0009620662108093059
0.0009609091091499936
0.0009539425785298971
0.0010010677240411571
0.000929932663969665
0.0009151679204306435
0.0009460202588278593
0.0008903346734277787
0.0009347565795072542
0.0009084436660593258
0.0009402504228281441
0.000923439289662795
0.0009423389108527254
0.0009729235947978733
0.000971950887047902
0.000933134390371173
0.0009904876348092095
0.0008633817333233842
0.0009156229269256267
0.000950874232621142
