0.8105404088382056
0.744531284826496
0.6767727794236345
0.5792529058988287
0.606907634275177
0.606071649629134
0.5528502949915722
0.45242175502934956
0.4264739994581534
0.43998430046057657
0.38811206632578754
0.3533077090234568
0.39497431544148043
0.3426517966085046
0.33898762058645926
0.31682358938163774
0.3219718391440467
0.28333713990307535
0.25697617075511286
0.23821480171263512
0.25073597157416483
0.23653650080923153
0.2082320424325076
0.21360340907986589
0.20134869084103957
0.22110303627122949
0.19635724708646732
0.1874863310225146
0.1868999696715479
0.17679698631580898
0.16104163518959774
0.15616571498489273
0.14573639180107262
0.14786852413552048
0.1267446165063414
0.12692396463830208
0.13491884694743178
0.12577635044702895
0.12509453411165505
0.11626271014954313
0.11605150327585252
0.11895659316555784
0.11188438268292131
0.09770302364731809
0.11452558701292495
0.10447752645659805
0.10349648959277374
0.08897850028211862
0.09562599948234547
0.0959395633228872
0.09269081505649476
0.09324777040917742
0.0882800286878048
0.0817897907097606
0.08528456139334438
0.07815720375243793
0.07978325420093943
0.08554343405214578
0.07874939200541736
0.07675950612676538
0.07947250204502909
0.07589281753091867
0.07808928377119316
0.06835165746191862
0.06878469319685307
0.07113691605385955
0.07210748831856431
0.0742168836127208
0.06643106299891546
0.06725456038991251
0.06855610227456689
0.061677773547698066
0.06428037497862547
0.06065852938959743
0.06632934826712152
0.05984867863450752
0.05855295886835071
0.06337196935241488
0.05984963073310191
0.05593670137864068
0.05680054025172143
0.0598736740646391
0.053225163109335887
0.057779365961055804
0.057287571965397556
0.05308438932506467
0.055023736521300784
0.05638421728887281
0.05516232625042215
0.05305389651679182
0.05827218026300266
0.054128772215694405
0.051410994948886485
0.054247387036517485
0.05586543026052548
0.05380004178352212
0.05231531518311466
0.05162761999526749
0.05108123294428463
0.04946372370185293
0.055569188189104654
0.05352891232104151
0.04926284204982967
0.050927887814252656
0.050185413489523586
0.0510558955146465
0.04630115178027536
0.050915881366912406
0.048435233741449285
0.050877532370910646
0.04897982596926666
0.048752013337432454
0.04938882475653526
0.0516405093344406
0.045211620283186545
0.04742088091360963
0.047886509339019404
0.046330278777801694
0.048582137920278254
0.04631873971121088
0.04568113848816886
0.046956544874229865
0.04412408808191824
0.042884226164166386
0.04571248520523319
0.04533678074252557
0.046771913989595834
0.049027784196551606
0.0461514239650637
0.045637405942045725
0.044828885499776275
0.051052957682165855
0.04489314181688033
0.0439842127059512
0.04335407855800341
0.0472854012794983
0.04367460753451847
0.04575856530004571
0.043438811052951096
0.04384597539788701
0.045082976305986205
0.050985049212077055
0.04333609879065139
0.04379355161220389
0.04409954070173077
0.04195572315078256
0.04322438951561971
0.045459846743392575
0.04240883140916148
0.04527642023329157
0.040837740115496624
0.043881359426429734
0.04272396894829036
0.043216585573949536
0.042821559016998696
0.04276208940415028
0.04243554554005854
0.04453561439336405
0.04146086143204861
0.04071638451048084
0.042065470450344
0.0490705848769804
0.04168110217960764
0.040443021588044185
0.041770467914022426
0.041147240369052505
0.04204853761424378
0.04323011249083262
0.04350213154684254
0.04164981496754029
0.04413316145618996
0.03855270737538927
0.04074346156794714
0.042503899490213035
0.8105404088382056
0.744531284826496
0.6767727794236345
0.5792529058988287
0.606907634275177
0.606071649629134
0.5528502949915722
0.45242175502934956
0.4264739994581534
0.43998430046057657
0.38811206632578754
0.3533077090234568
0.39497431544148043
0.3426517966085046
0.33898762058645926
0.31682358938163774
0.3219718391440467
0.28333713990307535
0.25697617075511286
0.23821480171263512
0.25073597157416483
0.23653650080923153
0.2082320424325076
0.21360340907986589
0.20134869084103957
0.22110303627122949
0.19635724708646732
0.1874863310225146
0.1868999696715479
0.17679698631580898
0.16104163518959774
0.15616571498489273
0.14573639180107262
0.14786852413552048
0.1267446165063414
0.12692396463830208
0.13491884694743178
0.12577635044702895
0.12509453411165505
0.11626271014954313
0.11605150327585252
0.11895659316555784
0.11188438268292131
0.09770302364731809
0.11452558701292495
0.10447752645659805
0.10349648959277374
0.08897850028211862
0.09562599948234547
0.0959395633228872
0.09269081505649476
0.09324777040917742
0.0882800286878048
0.0817897907097606
0.08528456139334438
0.07815720375243793
0.07978325420093943
0.08554343405214578
0.07874939200541736
0.07675950612676538
0.07947250204502909
0.07589281753091867
0.07808928377119316
0.06835165746191862
0.06878469319685307
0.07113691605385955
0.07210748831856431
0.0742168836127208
0.06643106299891546
0.06725456038991251
0.06855610227456689
0.061677773547698066
0.06428037497862547
0.06065852938959743
0.06632934826712152
0.05984867863450752
0.05855295886835071
0.06337196935241488
0.05984963073310191
0.05593670137864068
0.05680054025172143
0.0598736740646391
0.053225163109335887
0.057779365961055804
0.057287571965397556
0.05308438932506467
0.055023736521300784
0.05638421728887281
0.05516232625042215
0.05305389651679182
0.05827218026300266
0.054128772215694405
0.051410994948886485
0.054247387036517485
0.05586543026052548
0.05380004178352212
0.05231531518311466
0.05162761999526749
0.05108123294428463
0.04946372370185293
0.055569188189104654
0.05352891232104151
0.04926284204982967
0.050927887814252656
0.050185413489523586
0.0510558955146465
0.04630115178027536
0.050915881366912406
0.048435233741449285
0.050877532370910646
0.04897982596926666
0.048752013337432454
0.04938882475653526
0.0516405093344406
0.045211620283186545
0.04742088091360963
0.047886509339019404
0.046330278777801694
0.048582137920278254
0.04631873971121088
0.04568113848816886
0.046956544874229865
0.04412408808191824
0.042884226164166386
0.04571248520523319
0.04533678074252557
0.046771913989595834
0.049027784196551606
0.0461514239650637
0.045637405942045725
0.044828885499776275
0.051052957682165855
0.04489314181688033
0.0439842127059512
0.04335407855800341
0.0472854012794983
0.04367460753451847
0.04575856530004571
0.043438811052951096
0.04384597539788701
0.045082976305986205
0.050985049212077055
0.04333609879065139
0.04379355161220389
0.04409954070173077
0.04195572315078256
0.04322438951561971
0.045459846743392575
0.04240883140916148
0.04527642023329157
0.040837740115496624
0.043881359426429734
0.04272396894829036
0.043216585573949536
0.042821559016998696
0.04276208940415028
0.04243554554005854
0.04453561439336405
0.04146086143204861
0.04071638451048084
0.042065470450344
0.0490705848769804
0.04168110217960764
0.040443021588044185
0.041770467914022426
0.041147240369052505
0.04204853761424378
0.04323011249083262
0.04350213154684254
0.04164981496754029
0.04413316145618996
0.03855270737538927
0.04074346156794714
0.042503899490213035
0.8105404088382056
0.744531284826496
0.6767727794236345
0.5792529058988287
0.606907634275177
0.606071649629134
0.5528502949915722
0.45242175502934956
0.4264739994581534
0.43998430046057657
0.38811206632578754
0.3533077090234568
0.39497431544148043
0.3426517966085046
0.33898762058645926
0.31682358938163774
0.3219718391440467
0.28333713990307535
0.25697617075511286
0.23821480171263512
0.25073597157416483
0.23653650080923153
0.2082320424325076
0.21360340907986589
0.20134869084103957
0.22110303627122949
0.19635724708646732
0.1874863310225146
0.1868999696715479
0.17679698631580898
0.16104163518959774
0.15616571498489273
0.14573639180107262
0.14786852413552048
0.1267446165063414
0.12692396463830208
0.13491884694743178
0.12577635044702895
0.12509453411165505
0.11626271014954313
0.11605150327585252
0.11895659316555784
0.11188438268292131
0.09770302364731809
0.11452558701292495
0.10447752645659805
0.10349648959277374
0.08897850028211862
0.09562599948234547
0.0959395633228872
0.09269081505649476
0.09324777040917742
0.0882800286878048
0.0817897907097606
0.08528456139334438
0.07815720375243793
0.07978325420093943
0.08554343405214578
0.07874939200541736
0.07675950612676538
0.07947250204502909
0.07589281753091867
0.07808928377119316
0.06835165746191862
0.06878469319685307
0.07113691605385955
0.07210748831856431
0.0742168836127208
0.06643106299891546
0.06725456038991251
0.06855610227456689
0.061677773547698066
0.06428037497862547
0.06065852938959743
0.06632934826712152
0.05984867863450752
0.05855295886835071
0.06337196935241488
0.05984963073310191
0.05593670137864068
0.05680054025172143
0.0598736740646391
0.053225163109335887
0.057779365961055804
0.057287571965397556
0.05308438932506467
0.055023736521300784
0.05638421728887281
0.05516232625042215
0.05305389651679182
0.05827218026300266
0.054128772215694405
0.051410994948886485
0.054247387036517485
0.05586543026052548
0.05380004178352212
0.05231531518311466
0.05162761999526749
0.05108123294428463
0.04946372370185293
0.055569188189104654
0.05352891232104151
0.04926284204982967
0.050927887814252656
0.050185413489523586
0.0510558955146465
0.04630115178027536
0.050915881366912406
0.048435233741449285
0.050877532370910646
0.04897982596926666
0.048752013337432454
0.04938882475653526
0.0516405093344406
0.045211620283186545
0.04742088091360963
0.047886509339019404
0.046330278777801694
0.048582137920278254
0.04631873971121088
0.04568113848816886
0.046956544874229865
0.04412408808191824
0.042884226164166386
0.04571248520523319
0.04533678074252557
0.046771913989595834
0.049027784196551606
0.0461514239650637
0.045637405942045725
0.044828885499776275
0.051052957682165855
0.04489314181688033
0.0439842127059512
0.04335407855800341
0.0472854012794983
0.04367460753451847
0.04575856530004571
0.043438811052951096
0.04384597539788701
0.045082976305986205
0.050985049212077055
0.04333609879065139
0.04379355161220389
0.04409954070173077
0.04195572315078256
0.04322438951561971
0.045459846743392575
0.04240883140916148
0.04527642023329157
0.040837740115496624
0.043881359426429734
0.04272396894829036
0.043216585573949536
0.042821559016998696
0.04276208940415028
0.04243554554005854
0.04453561439336405
0.04146086143204861
0.04071638451048084
0.042065470450344
0.0490705848769804
0.04168110217960764
0.040443021588044185
0.041770467914022426
0.041147240369052505
0.04204853761424378
0.04323011249083262
0.04350213154684254
0.04164981496754029
0.04413316145618996
0.03855270737538927
0.04074346156794714
0.042503899490213035
