         P           T(ns)       T(points)             N11         N10+N11  Exposition(ms)             Ch1             Ch2         N01+N11            Temp
0.49833928591247834	850.000	480.000	5178.000	9211.000	1000.000	16992.000	50001.000	7781.000	0.184
0.5432012595370997	950.000	560.000	5429.000	9097.000	1000.000	16718.000	50001.000	7621.000	0.184
0.5418177708786869	1050.000	640.000	5459.000	9202.000	1000.000	16759.000	50001.000	7557.000	0.184
0.5270503774206606	1150.000	720.000	5380.000	9298.000	1000.000	16777.000	50001.000	7479.000	0.184
0.5003687121529049	1250.000	800.000	5095.000	9247.000	1000.000	16405.000	50001.000	7158.000	0.184
0.49870792364008387	1350.000	880.000	5134.000	9376.000	1000.000	16495.000	50002.000	7119.000	0.184
0.5009957243763203	1450.000	960.000	5123.000	9330.000	1000.000	16409.000	50001.000	7079.000	0.184
0.4893477866658494	1550.000	1040.000	4936.000	9216.000	1000.000	16038.000	50001.000	6822.000	0.184
0.469587840022118	1650.000	1120.000	4782.000	9319.000	1000.000	15873.000	50001.000	6554.000	0.184
0.46719040469384004	1750.000	1200.000	4857.000	9509.000	1000.000	16131.000	50001.000	6622.000	0.184
0.46416823045105454	1850.000	1280.000	4745.000	9358.000	1000.000	15846.000	50002.000	6488.000	0.184
0.44296752642063786	1950.000	1360.000	4564.000	9349.000	1000.000	15751.000	50001.000	6402.000	0.184
0.4408122122125208	2050.000	1440.000	4609.000	9519.000	1000.000	15884.000	50001.000	6365.000	0.184
0.4523378846778246	2150.000	1520.000	4595.000	9282.000	1000.000	15616.000	50002.000	6334.000	0.184
0.4341551087987955	2250.000	1600.000	4451.000	9348.000	1000.000	15506.000	50001.000	6158.000	0.184
0.43612718965596275	2350.000	1680.000	4527.000	9477.000	1000.000	15688.000	50001.000	6211.000	0.184
0.41807457151511984	2450.000	1760.000	4274.000	9281.000	1000.000	15283.000	50001.000	6002.000	0.184
0.6435526539128706	2550.000	1840.000	4029.000	6083.000	1000.000	10937.000	50001.000	4854.000	0.184
0.42765447420374175	2650.000	1920.000	4420.000	9429.000	1000.000	15517.000	50001.000	6088.000	0.184
0.4132928649511334	2750.000	2000.000	4292.000	9449.000	1000.000	15401.000	50001.000	5952.000	0.184
0.40296685134023214	2850.000	2080.000	4213.000	9475.000	1000.000	15377.000	50001.000	5902.000	0.184
0.412431412401971	2950.000	2160.000	4321.000	9513.000	1000.000	15526.000	50002.000	6013.000	0.184
0.3980802460492922	3050.000	2240.000	4147.000	9426.000	1000.000	15272.000	50001.000	5846.000	0.184
0.3908985900639658	3150.000	2320.000	4060.000	9445.000	1000.000	15085.000	50001.000	5640.000	0.184
0.3943852471115109	3250.000	2400.000	4177.000	9629.000	1000.000	15397.000	50001.000	5768.000	0.184
0.39609267357605227	3350.000	2480.000	4159.000	9567.000	1000.000	15288.000	50001.000	5721.000	0.184
0.39157828419296953	3450.000	2560.000	4057.000	9480.000	1000.000	15011.000	50002.000	5531.000	0.184
0.3827850533715914	3550.000	2640.000	4003.000	9508.000	1000.000	15059.000	50001.000	5551.000	0.184
0.3922908802973856	3650.000	2720.000	4081.000	9457.000	1000.000	15129.000	50001.000	5672.000	0.184
0.3820922487456388	3750.000	2800.000	3990.000	9474.000	1000.000	15047.000	50001.000	5573.000	0.184
0.3766269258864119	3850.000	2880.000	3949.000	9506.000	1000.000	15026.000	50001.000	5520.000	0.184
0.38440607180051767	3950.000	2960.000	4058.000	9603.000	1000.000	15203.000	50001.000	5600.000	0.184
0.3869027495044392	4050.000	3040.000	4031.000	9478.000	1000.000	15065.000	50001.000	5587.000	0.184
0.37274556384712254	4150.000	3120.000	3925.000	9558.000	1000.000	15016.000	50001.000	5458.000	0.184
0.37087337410994387	4250.000	3200.000	3907.000	9529.000	1000.000	15020.000	50001.000	5491.000	0.184
0.3715062714362061	4350.000	3280.000	3900.000	9517.000	1000.000	14967.000	50001.000	5450.000	0.184
0.37552491236768026	4450.000	3360.000	3970.000	9631.000	1000.000	15082.000	50001.000	5451.000	0.184
0.36482102089560764	4550.000	3440.000	3880.000	9635.000	1000.000	15044.000	50002.000	5409.000	0.184
0.3635230472279287	4650.000	3520.000	3856.000	9625.000	1000.000	14979.000	50002.000	5354.000	0.184
0.36995047128151376	4750.000	3600.000	3873.000	9525.000	1000.000	14882.000	50001.000	5357.000	0.184
0.3665344584768053	4850.000	3680.000	3866.000	9587.000	1000.000	14937.000	50001.000	5350.000	0.184
0.35595014514910306	4950.000	3760.000	3801.000	9638.000	1000.000	14990.000	50001.000	5352.000	0.184
0.358818603048534	5050.000	3840.000	3819.000	9649.000	1000.000	14960.000	50002.000	5311.000	0.184
0.3614604664338173	5150.000	3920.000	3780.000	9527.000	1000.000	14736.000	50001.000	5209.000	0.184
0.36289491601585655	5250.000	4000.000	3819.000	9562.000	1000.000	14857.000	50002.000	5295.000	0.184
0.3523089482582867	5350.000	4080.000	3718.000	9556.000	1000.000	14761.000	50001.000	5205.000	0.184
0.3556087763102475	5450.000	4160.000	3744.000	9534.000	1000.000	14779.000	50002.000	5245.000	0.184
0.3627036354557951	5550.000	4240.000	3796.000	9557.000	1000.000	14748.000	50001.000	5191.000	0.184
0.3596930964850036	5650.000	4320.000	3789.000	9584.000	1000.000	14814.000	50001.000	5230.000	0.184
0.35582940520134665	5750.000	4400.000	3729.000	9485.000	1000.000	14726.000	50002.000	5241.000	0.184
0.3455992729025881	5850.000	4480.000	3681.000	9675.000	1000.000	14762.000	50001.000	5087.000	0.184
0.345693086697534	5950.000	4560.000	3680.000	9640.000	1000.000	14775.000	50001.000	5135.000	0.184
0.3481600312703523	6050.000	4640.000	3683.000	9557.000	1000.000	14745.000	50001.000	5188.000	0.184
0.3323838083267604	6150.000	4720.000	3497.000	9493.000	1000.000	14448.000	50001.000	4955.000	0.184
0.3417356645700839	6250.000	4800.000	3612.000	9556.000	1000.000	14634.000	50001.000	5078.000	0.184
0.33786069244888584	6350.000	4880.000	3612.000	9644.000	1000.000	14736.000	50001.000	5092.000	0.184
0.3401728110975803	6450.000	4960.000	3580.000	9538.000	1000.000	14541.000	50001.000	5003.000	0.184
0.34232497325468114	6550.000	5040.000	3609.000	9579.000	1000.000	14580.000	50001.000	5001.000	0.184
0.34200996693062724	6650.000	5120.000	3626.000	9602.000	1000.000	14667.000	50001.000	5065.000	0.184
0.3274665364647849	6750.000	5200.000	3553.000	9797.000	1000.000	14765.000	50001.000	4968.000	0.184
0.35010344998126636	6850.000	5280.000	3649.000	9459.000	1000.000	14554.000	50001.000	5095.000	0.184
0.33551055741399777	6950.000	5360.000	3522.000	9534.000	1000.000	14428.000	50001.000	4894.000	0.184
0.34013863594532195	7050.000	5440.000	3612.000	9626.000	1000.000	14655.000	50002.000	5029.000	0.184
0.3295569238159358	7150.000	5520.000	3478.000	9555.000	1000.000	14426.000	50001.000	4871.000	0.184
0.3285471563615291	7250.000	5600.000	3502.000	9620.000	1000.000	14555.000	50002.000	4935.000	0.184
0.3295381459634824	7350.000	5680.000	3561.000	9781.000	1000.000	14731.000	50001.000	4950.000	0.184
0.3229052025698401	7450.000	5760.000	3454.000	9656.000	1000.000	14514.000	50001.000	4858.000	0.184
0.3384218700262104	7550.000	5840.000	3546.000	9539.000	1000.000	14433.000	50001.000	4894.000	0.184
0.3305816064492081	7650.000	5920.000	3467.000	9463.000	1000.000	14381.000	50002.000	4918.000	0.184
0.3413082944850168	7750.000	6000.000	3569.000	9491.000	1000.000	14467.000	50001.000	4976.000	0.184
0.33214821273780454	7850.000	6080.000	3486.000	9499.000	1000.000	14396.000	50001.000	4897.000	0.184
0.33223480606484274	7950.000	6160.000	3419.000	9355.000	1000.000	14125.000	50001.000	4770.000	0.184
0.3275552927900177	8050.000	6240.000	3444.000	9511.000	1000.000	14354.000	50001.000	4843.000	0.184
0.3256303138052539	8150.000	6320.000	3439.000	9535.000	1000.000	14392.000	50002.000	4857.000	0.184
0.33046044157890725	8250.000	6400.000	3470.000	9506.000	1000.000	14376.000	50001.000	4870.000	0.184
0.32791999812139067	8350.000	6480.000	3431.000	9483.000	1000.000	14287.000	50002.000	4804.000	0.184
0.3248327326659529	8450.000	6560.000	3397.000	9465.000	1000.000	14243.000	50001.000	4778.000	0.184
0.31457666346027996	8550.000	6640.000	3375.000	9666.000	1000.000	14436.000	50001.000	4770.000	0.184
0.32536111995539746	8650.000	6720.000	3415.000	9494.000	1000.000	14300.000	50001.000	4806.000	0.184
0.32057332511842646	8750.000	6800.000	3412.000	9628.000	1000.000	14405.000	50001.000	4777.000	0.184
0.319994086495154	8850.000	6880.000	3391.000	9571.000	1000.000	14349.000	50002.000	4778.000	0.184
0.32508510300731924	8950.000	6960.000	3441.000	9588.000	1000.000	14395.000	50001.000	4807.000	0.184
0.30879368583743266	9050.000	7040.000	3285.000	9569.000	1000.000	14249.000	50001.000	4680.000	0.184
0.31211168640084913	9150.000	7120.000	3364.000	9694.000	1000.000	14465.000	50001.000	4771.000	0.184
0.31888209450016974	9250.000	7200.000	3384.000	9566.000	1000.000	14360.000	50001.000	4794.000	0.184
0.31465054462458164	9350.000	7280.000	3340.000	9582.000	1000.000	14293.000	50001.000	4711.000	0.184
0.3097420886890574	9450.000	7360.000	3348.000	9724.000	1000.000	14464.000	50001.000	4740.000	0.184
0.3161589519985187	9550.000	7440.000	3360.000	9659.000	1000.000	14298.000	50002.000	4639.000	0.184
0.3104102718511994	9650.000	7520.000	3304.000	9579.000	1000.000	14278.000	50001.000	4699.000	0.184
0.3093473938390399	9750.000	7600.000	3310.000	9646.000	1000.000	14320.000	50001.000	4674.000	0.184
0.3136764917723251	9850.000	7680.000	3336.000	9599.000	1000.000	14303.000	50001.000	4704.000	0.184
0.30928066276162164	9950.000	7760.000	3267.000	9520.000	1000.000	14159.000	50002.000	4639.000	0.184
0.30876383864055373	10050.000	7840.000	3279.000	9542.000	1000.000	14232.000	50001.000	4690.000	0.184
0.3094495682962068	10150.000	7920.000	3302.000	9615.000	1000.000	14289.000	50001.000	4674.000	0.184
0.31230752624953445	10250.000	8000.000	3336.000	9626.000	1000.000	14345.000	50001.000	4719.000	0.184
0.30803525156064954	10350.000	8080.000	3277.000	9596.000	1000.000	14225.000	50001.000	4629.000	0.184
0.30551898135352695	10450.000	8160.000	3317.000	9785.000	1000.000	14448.000	50001.000	4663.000	0.184
0.30708522282615086	10550.000	8240.000	3258.000	9599.000	1000.000	14163.000	50001.000	4564.000	0.184
0.2957968632382839	10650.000	8320.000	3187.000	9649.000	1000.000	14228.000	50001.000	4579.000	0.184
0.3143624985508184	10750.000	8400.000	3343.000	9635.000	1000.000	14294.000	50001.000	4659.000	0.184
0.3061625187791372	10850.000	8480.000	3266.000	9614.000	1000.000	14235.000	50001.000	4621.000	0.184
0.3074476877416458	10950.000	8560.000	3294.000	9665.000	1000.000	14305.000	50001.000	4640.000	0.184
0.305367061986544	11050.000	8640.000	3260.000	9647.000	1000.000	14221.000	50001.000	4574.000	0.184
0.2989985439192637	11150.000	8720.000	3167.000	9538.000	1000.000	14042.000	50002.000	4504.000	0.184
0.2943120881545672	11250.000	8800.000	3163.000	9683.000	1000.000	14150.000	50001.000	4467.000	0.184
0.2998765828839169	11350.000	8880.000	3166.000	9543.000	1000.000	13999.000	50001.000	4456.000	0.184
0.29703759115649403	11450.000	8960.000	3157.000	9531.000	1000.000	14072.000	50002.000	4541.000	0.184
0.2903412675574261	11550.000	9040.000	3113.000	9587.000	1000.000	14089.000	50001.000	4502.000	0.184
0.3051401728113798	11650.000	9120.000	3259.000	9638.000	1000.000	14229.000	50001.000	4591.000	0.184
0.2952320540687778	11750.000	9200.000	3166.000	9627.000	1000.000	14151.000	50002.000	4524.000	0.184
0.2967389747817774	11850.000	9280.000	3211.000	9700.000	1000.000	14293.000	50001.000	4593.000	0.184
0.2948970193708681	11950.000	9360.000	3139.000	9598.000	1000.000	14036.000	50002.000	4438.000	0.184
0.2911379530495431	12050.000	9440.000	3152.000	9736.000	1000.000	14201.000	50001.000	4465.000	0.184
0.2989740015843157	12150.000	9520.000	3147.000	9504.000	1000.000	13953.000	50002.000	4449.000	0.184
0.29412291589153156	12250.000	9600.000	3105.000	9517.000	1000.000	13923.000	50002.000	4406.000	0.184
0.29115999792223857	12350.000	9680.000	3154.000	9729.000	1000.000	14213.000	50001.000	4484.000	0.184
0.28682173728985205	12450.000	9760.000	3053.000	9551.000	1000.000	13932.000	50001.000	4381.000	0.184
0.2854176375260626	12550.000	9840.000	3121.000	9773.000	1000.000	14259.000	50001.000	4486.000	0.184
0.2836141072293774	12650.000	9920.000	3074.000	9705.000	1000.000	14114.000	50001.000	4409.000	0.184
0.2896244727196016	12750.000	10000.000	3086.000	9547.000	1000.000	13993.000	50001.000	4446.000	0.184
0.27918720515308193	12850.000	10080.000	3032.000	9687.000	1000.000	14082.000	50001.000	4395.000	0.184
0.2863930492339752	12950.000	10160.000	3074.000	9627.000	1000.000	14030.000	50001.000	4403.000	0.184
0.28697121880638093	13050.000	10240.000	3013.000	9433.000	1000.000	13762.000	50001.000	4329.000	0.184
0.28407982525989683	13150.000	10320.000	3049.000	9612.000	1000.000	13999.000	50001.000	4387.000	0.184
0.29427389613938315	13250.000	10400.000	3120.000	9581.000	1000.000	13969.000	50001.000	4388.000	0.184
0.28957934830555887	13350.000	10480.000	3099.000	9646.000	1000.000	14024.000	50001.000	4378.000	0.184
0.29473565762101933	13450.000	10560.000	3102.000	9530.000	1000.000	13877.000	50001.000	4347.000	0.184
0.2898797363131393	13550.000	10640.000	3094.000	9630.000	1000.000	13992.000	50002.000	4362.000	0.184
0.5298949260763103	13650.000	10720.000	3302.000	6006.000	1000.000	10183.000	50001.000	4177.000	0.184
0.28805086244091055	13750.000	10800.000	3039.000	9462.000	1000.000	13844.000	50001.000	4382.000	0.184
0.28334211018257344	13850.000	10880.000	3066.000	9713.000	1000.000	14081.000	50001.000	4368.000	0.184
0.27566351680304263	13950.000	10960.000	2941.000	9563.000	1000.000	13793.000	50001.000	4230.000	0.184
0.2817497609963748	14050.000	11040.000	3030.000	9624.000	1000.000	13990.000	50001.000	4366.000	0.184
0.2728222812583625	14150.000	11120.000	2938.000	9616.000	1000.000	13875.000	50001.000	4259.000	0.184
0.267750317332235	14250.000	11200.000	2904.000	9603.000	1000.000	13907.000	50001.000	4304.000	0.184
0.27930668162898364	14350.000	11280.000	3001.000	9621.000	1000.000	13939.000	50001.000	4318.000	0.184
0.2718644928191743	14450.000	11360.000	2943.000	9673.000	1000.000	13922.000	50001.000	4249.000	0.184
0.2819018337205753	14550.000	11440.000	3025.000	9638.000	1000.000	13953.000	50001.000	4315.000	0.184
0.27280294301418406	14650.000	11520.000	2941.000	9630.000	1000.000	13887.000	50002.000	4257.000	0.184
0.2709427837434743	14750.000	11600.000	2884.000	9518.000	1000.000	13700.000	50002.000	4182.000	0.184
0.2755107520585552	14850.000	11680.000	2926.000	9529.000	1000.000	13732.000	50002.000	4203.000	0.184
0.2737873228044893	14950.000	11760.000	2923.000	9550.000	1000.000	13779.000	50001.000	4229.000	0.184
0.2682540836965445	15050.000	11840.000	2905.000	9695.000	1000.000	13865.000	50001.000	4170.000	0.184
0.26810494937769636	15150.000	11920.000	2899.000	9663.000	1000.000	13849.000	50001.000	4186.000	0.184
0.26563913067360023	15250.000	12000.000	2853.000	9547.000	1000.000	13743.000	50001.000	4196.000	0.184
0.27586500365902744	15350.000	12080.000	2952.000	9622.000	1000.000	13823.000	50001.000	4201.000	0.184
0.27288473451756284	15450.000	12160.000	2964.000	9724.000	1000.000	13974.000	50002.000	4250.000	0.184
0.27410090889022043	15550.000	12240.000	2948.000	9633.000	1000.000	13870.000	50002.000	4237.000	0.184
0.2789290985003513	15650.000	12320.000	2993.000	9647.000	1000.000	13904.000	50001.000	4257.000	0.184
0.26994308363796804	15750.000	12400.000	2918.000	9650.000	1000.000	13877.000	50001.000	4227.000	0.184
0.27080303443552417	15850.000	12480.000	2944.000	9738.000	1000.000	13951.000	50001.000	4213.000	0.184
0.2720817361257102	15950.000	12560.000	2913.000	9629.000	1000.000	13771.000	50001.000	4142.000	0.184
0.2634363007525763	16050.000	12640.000	2866.000	9680.000	1000.000	13862.000	50001.000	4182.000	0.184
0.26551459221434826	16150.000	12720.000	2884.000	9677.000	1000.000	13872.000	50001.000	4195.000	0.184
0.25737491089566816	16250.000	12800.000	2826.000	9750.000	1000.000	13883.000	50001.000	4133.000	0.184
0.2705368676381963	16350.000	12880.000	2897.000	9593.000	1000.000	13761.000	50001.000	4168.000	0.184
0.26262925492063827	16450.000	12960.000	2840.000	9701.000	1000.000	13755.000	50001.000	4054.000	0.184
0.2626570976350872	16550.000	13040.000	2857.000	9735.000	1000.000	13833.000	50001.000	4098.000	0.184
0.26347279614103336	16650.000	13120.000	2826.000	9613.000	1000.000	13671.000	50001.000	4058.000	0.184
0.26154790662606586	16750.000	13200.000	2844.000	9782.000	1000.000	13800.000	50001.000	4018.000	0.184
0.26862033395364276	16850.000	13280.000	2875.000	9613.000	1000.000	13718.000	50002.000	4105.000	0.184
0.258308612401836	16950.000	13360.000	2837.000	9758.000	1000.000	13900.000	50002.000	4142.000	0.184
0.26057578244163454	17050.000	13440.000	2821.000	9636.000	1000.000	13756.000	50002.000	4120.000	0.184
0.26216976511518675	17150.000	13520.000	2875.000	9818.000	1000.000	13925.000	50001.000	4107.000	0.184
0.25730691948865786	17250.000	13600.000	2777.000	9647.000	1000.000	13657.000	50001.000	4010.000	0.184
0.25426214377211	17350.000	13680.000	2744.000	9624.000	1000.000	13614.000	50002.000	3990.000	0.184
0.25387196649926697	17450.000	13760.000	2772.000	9717.000	1000.000	13754.000	50002.000	4037.000	0.184
0.251124475676961	17550.000	13840.000	2759.000	9847.000	1000.000	13773.000	50002.000	3926.000	0.184
0.25397509829098486	17650.000	13920.000	2763.000	9673.000	1000.000	13713.000	50001.000	4040.000	0.184
0.25026311076885005	17750.000	14000.000	2768.000	9843.000	1000.000	13854.000	50002.000	4011.000	0.184
0.2563269181605331	17850.000	14080.000	2815.000	9839.000	1000.000	13850.000	50001.000	4011.000	0.184
0.25194682132624946	17950.000	14160.000	2775.000	9837.000	1000.000	13823.000	50001.000	3986.000	0.184
0.24864053767874855	18050.000	14240.000	2691.000	9711.000	1000.000	13549.000	50002.000	3838.000	0.184
0.25708784532877577	18150.000	14320.000	2788.000	9739.000	1000.000	13702.000	50001.000	3963.000	0.184
