     0.845	   850.000	   120.000	  4463.000	  5284.000	  1000.000	 10588.000	 12501.000	  5304.000	     0.225
     0.818	  1850.000	   320.000	  4334.000	  5299.000	  1000.000	 10594.000	 12501.000	  5295.000	     0.225
     0.821	  2850.000	   520.000	  4323.000	  5264.000	  1000.000	 10475.000	 12500.000	  5211.000	     0.225
     0.820	  3850.000	   720.000	  4315.000	  5263.000	  1000.000	 10421.000	 12500.000	  5158.000	     0.225
     0.802	  4850.000	   920.000	  4285.000	  5340.000	  1000.000	 10448.000	 12501.000	  5108.000	     0.225
     0.806	  5850.000	  1120.000	  4256.000	  5283.000	  1000.000	 10403.000	 12500.000	  5120.000	     0.225
     0.799	  6850.000	  1320.000	  4233.000	  5295.000	  1000.000	 10473.000	 12500.000	  5178.000	     0.225
     0.814	  7850.000	  1520.000	  4342.000	  5336.000	  1000.000	 10522.000	 12501.000	  5186.000	     0.225
     0.801	  8850.000	  1720.000	  4272.000	  5335.000	  1000.000	 10456.000	 12500.000	  5121.000	     0.225
     0.805	  9850.000	  1920.000	  4279.000	  5315.000	  1000.000	 10455.000	 12500.000	  5140.000	     0.225
     0.799	 10850.000	  2120.000	  4257.000	  5325.000	  1000.000	 10472.000	 12501.000	  5147.000	     0.225
     0.795	 11850.000	  2320.000	  4201.000	  5286.000	  1000.000	 10393.000	 12500.000	  5107.000	     0.225
     0.802	 12850.000	  2520.000	  4175.000	  5203.000	  1000.000	 10289.000	 12500.000	  5086.000	     0.225
     0.795	 13850.000	  2720.000	  4226.000	  5316.000	  1000.000	 10434.000	 12501.000	  5118.000	     0.225
     0.791	 14850.000	  2920.000	  4188.000	  5295.000	  1000.000	 10378.000	 12500.000	  5083.000	     0.225
     0.797	 15850.000	  3120.000	  4210.000	  5284.000	  1000.000	 10370.000	 12500.000	  5086.000	     0.225
     0.777	 16850.000	  3320.000	  4151.000	  5343.000	  1000.000	 10391.000	 12500.000	  5048.000	     0.225
     0.774	 17850.000	  3520.000	  4083.000	  5277.000	  1000.000	 10249.000	 12500.000	  4972.000	     0.225
     0.782	 18850.000	  3720.000	  4160.000	  5319.000	  1000.000	 10369.000	 12500.000	  5050.000	     0.225
     0.780	 19850.000	  3920.000	  4107.000	  5265.000	  1000.000	 10258.000	 12500.000	  4993.000	     0.225
     0.770	 20850.000	  4120.000	  4049.000	  5260.000	  1000.000	 10212.000	 12501.000	  4952.000	     0.225
     0.764	 21850.000	  4320.000	  4040.000	  5286.000	  1000.000	 10281.000	 12500.000	  4995.000	     0.225
     0.763	 22850.000	  4520.000	  3997.000	  5241.000	  1000.000	 10211.000	 12500.000	  4970.000	     0.225
     0.760	 23850.000	  4720.000	  4004.000	  5269.000	  1000.000	 10207.000	 12501.000	  4938.000	     0.225
     0.770	 24850.000	  4920.000	  4108.000	  5337.000	  1000.000	 10335.000	 12500.000	  4998.000	     0.225
     0.758	 25850.000	  5120.000	  4023.000	  5307.000	  1000.000	 10248.000	 12500.000	  4941.000	     0.225
     0.755	 26850.000	  5320.000	  3979.000	  5270.000	  1000.000	 10225.000	 12500.000	  4955.000	     0.225
     0.755	 27850.000	  5520.000	  3978.000	  5266.000	  1000.000	 10163.000	 12500.000	  4897.000	     0.225
     0.753	 28850.000	  5720.000	  3985.000	  5290.000	  1000.000	 10189.000	 12500.000	  4899.000	     0.225
     0.758	 29850.000	  5920.000	  4013.000	  5297.000	  1000.000	 10252.000	 12500.000	  4955.000	     0.225
     0.000	 30850.000	  6120.000	     0.000	  5224.000	  1000.000	 10054.000	 12501.000	     0.000	     0.225
     0.000	 31850.000	  6320.000	     0.000	  5299.000	  1000.000	 10174.000	 12501.000	     0.000	     0.225
     0.000	 32850.000	  6520.000	     0.000	  5251.000	  1000.000	 10096.000	 12500.000	     0.000	     0.225
     0.000	 33850.000	  6720.000	     0.000	  5286.000	  1000.000	 10145.000	 12500.000	     0.000	     0.225
     0.000	 34850.000	  6920.000	     0.000	  5268.000	  1000.000	 10096.000	 12500.000	     0.000	     0.225
     0.000	 35850.000	  7120.000	     0.000	  5236.000	  1000.000	 10079.000	 12501.000	     0.000	     0.225
     0.000	 36850.000	  7320.000	     0.000	  5263.000	  1000.000	 10087.000	 12501.000	     0.000	     0.225
     0.000	 37850.000	  7520.000	     0.000	  5226.000	  1000.000	  9991.000	 12500.000	     0.000	     0.225
     0.000	 38850.000	  7720.000	     0.000	  5233.000	  1000.000	 10014.000	 12500.000	     0.000	     0.225
     0.000	 39850.000	  7920.000	     0.000	  5202.000	  1000.000	  9817.000	 12500.000	     0.000	     0.225
     0.000	 40850.000	  8120.000	     0.000	  5274.000	  1000.000	 10005.000	 12500.000	     0.000	     0.225
     0.000	 41850.000	  8320.000	     0.000	  5295.000	  1000.000	 10031.000	 12500.000	     0.000	     0.225
     0.000	 42850.000	  8520.000	     0.000	  5219.000	  1000.000	  9919.000	 12501.000	     0.000	     0.225
     0.000	 43850.000	  8720.000	     0.000	  5278.000	  1000.000	  9973.000	 12500.000	     0.000	     0.225
     0.000	 44850.000	  8920.000	     0.000	  5211.000	  1000.000	  9882.000	 12501.000	     0.000	     0.225
     0.000	 45850.000	  9120.000	     0.000	  5174.000	  1000.000	  9776.000	 12501.000	     0.000	     0.225
     0.000	 46850.000	  9320.000	     0.000	  5192.000	  1000.000	  9824.000	 12501.000	     0.000	     0.225
     0.000	 47850.000	  9520.000	     0.000	  5091.000	  1000.000	  9655.000	 12501.000	     0.000	     0.225
     0.000	 48850.000	  9720.000	     0.000	  5135.000	  1000.000	  9758.000	 12500.000	     0.000	     0.225
     0.000	 49850.000	  9920.000	     0.000	  5203.000	  1000.000	  9808.000	 12500.000	     0.000	     0.225
     0.000	 50850.000	 10120.000	     0.000	  5210.000	  1000.000	  9800.000	 12500.000	     0.000	     0.225
     0.000	 51850.000	 10320.000	     0.000	  5178.000	  1000.000	  9744.000	 12501.000	     0.000	     0.225
     0.000	 52850.000	 10520.000	     0.000	  5160.000	  1000.000	  9743.000	 12500.000	     0.000	     0.225
     0.000	 53850.000	 10720.000	     0.000	  5261.000	  1000.000	  9777.000	 12500.000	     0.000	     0.225
     0.000	 54850.000	 10920.000	     0.000	  5226.000	  1000.000	  9828.000	 12501.000	     0.000	     0.225
     0.000	 55850.000	 11120.000	     0.000	  5278.000	  1000.000	  9855.000	 12500.000	     0.000	     0.225
     0.000	 56850.000	 11320.000	     0.000	  5184.000	  1000.000	  9648.000	 12500.000	     0.000	     0.225
     0.000	 57850.000	 11520.000	     0.000	  5244.000	  1000.000	  9788.000	 12501.000	     0.000	     0.225
     0.000	 58850.000	 11720.000	     0.000	  5237.000	  1000.000	  9740.000	 12500.000	     0.000	     0.225
     0.000	 59850.000	 11920.000	     0.000	  5171.000	  1000.000	  9582.000	 12500.000	     0.000	     0.225
     0.000	 60850.000	 12120.000	     0.000	  5216.000	  1000.000	  9671.000	 12500.000	     0.000	     0.225
     0.000	 61850.000	 12320.000	     0.000	  5182.000	  1000.000	  9636.000	 12500.000	     0.000	     0.225
     0.000	 62850.000	 12520.000	     0.000	  5086.000	  1000.000	  9494.000	 12501.000	     0.000	     0.225
     0.000	 63850.000	 12720.000	     0.000	  5268.000	  1000.000	  9712.000	 12501.000	     0.000	     0.225
     0.000	 64850.000	 12920.000	     0.000	  5177.000	  1000.000	  9574.000	 12500.000	     0.000	     0.225
     0.000	 65850.000	 13120.000	     0.000	  5314.000	  1000.000	  9788.000	 12500.000	     0.000	     0.225
     0.000	 66850.000	 13320.000	     0.000	  5205.000	  1000.000	  9571.000	 12500.000	     0.000	     0.225
     0.000	 67850.000	 13520.000	     0.000	  5237.000	  1000.000	  9627.000	 12500.000	     0.000	     0.225
     0.000	 68850.000	 13720.000	     0.000	  5161.000	  1000.000	  9470.000	 12500.000	     0.000	     0.225
     0.000	 69850.000	 13920.000	     0.000	  5083.000	  1000.000	  9399.000	 12500.000	     0.000	     0.225
     0.000	 70850.000	 14120.000	     0.000	  5239.000	  1000.000	  9585.000	 12500.000	     0.000	     0.225
     0.000	 71850.000	 14320.000	     0.000	  5279.000	  1000.000	  9561.000	 12501.000	     0.000	     0.225
     0.000	 72850.000	 14520.000	     0.000	  5227.000	  1000.000	  9529.000	 12500.000	     0.000	     0.225
     0.000	 73850.000	 14720.000	     0.000	  5228.000	  1000.000	  9494.000	 12500.000	     0.000	     0.225
     0.000	 74850.000	 14920.000	     0.000	  5166.000	  1000.000	  9440.000	 12501.000	     0.000	     0.225
