0.065	850.000	240.000	70.000	1075.000	1000.000	1245.000	25000.000	170.000	0.224
0.054	950.000	280.000	55.000	1025.000	1000.000	1153.000	25001.000	128.000	0.224
0.053	1050.000	320.000	58.000	1085.000	1000.000	1211.000	25001.000	126.000	0.224
0.064	1150.000	360.000	69.000	1079.000	1000.000	1218.000	25001.000	139.000	0.224
0.037	1250.000	400.000	40.000	1090.000	1000.000	1199.000	25000.000	109.000	0.224
0.058	1350.000	440.000	58.000	993.000	1000.000	1110.000	25001.000	117.000	0.224
0.036	1450.000	480.000	39.000	1088.000	1000.000	1202.000	25000.000	114.000	0.224
0.042	1550.000	520.000	46.000	1093.000	1000.000	1193.000	25001.000	100.000	0.224
0.038	1650.000	560.000	43.000	1120.000	1000.000	1211.000	25000.000	91.000	0.224
0.047	1750.000	600.000	52.000	1101.000	1000.000	1205.000	25001.000	104.000	0.224
0.031	1850.000	640.000	34.000	1089.000	1000.000	1163.000	25000.000	74.000	0.224
0.038	1950.000	680.000	41.000	1083.000	1000.000	1163.000	25001.000	80.000	0.224
0.030	2050.000	720.000	34.000	1120.000	1000.000	1200.000	25001.000	80.000	0.224
0.025	2150.000	760.000	27.000	1088.000	1000.000	1166.000	25001.000	78.000	0.224
0.031	2250.000	800.000	33.000	1059.000	1000.000	1133.000	25001.000	74.000	0.224
0.027	2350.000	840.000	29.000	1055.000	1000.000	1128.000	25001.000	73.000	0.224
0.021	2450.000	880.000	23.000	1112.000	1000.000	1165.000	25001.000	53.000	0.224
0.038	2550.000	920.000	41.000	1072.000	1000.000	1151.000	25001.000	79.000	0.224
0.029	2650.000	960.000	31.000	1077.000	1000.000	1143.000	25001.000	66.000	0.224
0.019	2750.000	1000.000	20.000	1041.000	1000.000	1093.000	25000.000	52.000	0.224
0.018	2850.000	1040.000	19.000	1032.000	1000.000	1077.000	25001.000	45.000	0.224
0.021	2950.000	1080.000	23.000	1102.000	1000.000	1155.000	25001.000	53.000	0.224
0.018	3050.000	1120.000	20.000	1085.000	1000.000	1136.000	25000.000	51.000	0.224
0.020	3150.000	1160.000	22.000	1102.000	1000.000	1144.000	25000.000	42.000	0.224
0.015	3250.000	1200.000	16.000	1055.000	1000.000	1094.000	25000.000	39.000	0.224
0.017	3350.000	1240.000	19.000	1139.000	1000.000	1185.000	25001.000	46.000	0.224
0.014	3450.000	1280.000	15.000	1084.000	1000.000	1121.000	25001.000	37.000	0.224
0.013	3550.000	1320.000	14.000	1079.000	1000.000	1114.000	25000.000	35.000	0.224
0.018	3650.000	1360.000	19.000	1084.000	1000.000	1121.000	25000.000	37.000	0.224
0.013	3750.000	1400.000	15.000	1120.000	1000.000	1159.000	25001.000	39.000	0.224
0.016	3850.000	1440.000	18.000	1112.000	1000.000	1151.000	25001.000	39.000	0.224
0.013	3950.000	1480.000	14.000	1071.000	1000.000	1103.000	25001.000	32.000	0.224
0.006	4050.000	1520.000	6.000	1064.000	1000.000	1082.000	25000.000	18.000	0.224
0.012	4150.000	1560.000	13.000	1077.000	1000.000	1109.000	25001.000	32.000	0.224
0.014	4250.000	1600.000	15.000	1088.000	1000.000	1120.000	25000.000	32.000	0.224
0.012	4350.000	1640.000	14.000	1133.000	1000.000	1165.000	25000.000	32.000	0.224
0.005	4450.000	1680.000	6.000	1130.000	1000.000	1153.000	25000.000	23.000	0.224
0.005	4550.000	1720.000	5.000	1090.000	1000.000	1112.000	25001.000	22.000	0.224
0.007	4650.000	1760.000	8.000	1095.000	1000.000	1118.000	25001.000	23.000	0.224
0.004	4750.000	1800.000	4.000	1074.000	1000.000	1099.000	25000.000	25.000	0.224
0.009	4850.000	1840.000	10.000	1080.000	1000.000	1106.000	25000.000	26.000	0.224
0.009	4950.000	1880.000	10.000	1137.000	1000.000	1157.000	25001.000	20.000	0.224
0.005	5050.000	1920.000	5.000	1016.000	1000.000	1040.000	25001.000	24.000	0.224
0.005	5150.000	1960.000	6.000	1131.000	1000.000	1150.000	25001.000	19.000	0.224
0.008	5250.000	2000.000	9.000	1102.000	1000.000	1133.000	25001.000	31.000	0.224
0.004	5350.000	2040.000	4.000	1103.000	1000.000	1124.000	25000.000	21.000	0.224
0.004	5450.000	2080.000	4.000	1133.000	1000.000	1148.000	25001.000	15.000	0.224
0.007	5550.000	2120.000	7.000	1067.000	1000.000	1082.000	25001.000	15.000	0.224
0.006	5650.000	2160.000	7.000	1186.000	1000.000	1201.000	25000.000	15.000	0.224
0.006	5750.000	2200.000	7.000	1089.000	1000.000	1106.000	25001.000	17.000	0.224
0.005	5850.000	2240.000	6.000	1095.000	1000.000	1108.000	25001.000	13.000	0.224
0.004	5950.000	2280.000	4.000	1101.000	1000.000	1122.000	25000.000	21.000	0.224
0.003	6050.000	2320.000	3.000	1103.000	1000.000	1117.000	25000.000	14.000	0.224
0.004	6150.000	2360.000	4.000	1048.000	1000.000	1059.000	25001.000	11.000	0.224
0.004	6250.000	2400.000	4.000	1047.000	1000.000	1061.000	25001.000	14.000	0.224
0.004	6350.000	2440.000	5.000	1127.000	1000.000	1142.000	25001.000	15.000	0.224
0.001	6450.000	2480.000	1.000	1059.000	1000.000	1073.000	25000.000	14.000	0.224
0.005	6550.000	2520.000	6.000	1114.000	1000.000	1133.000	25001.000	19.000	0.224
0.001	6650.000	2560.000	1.000	1115.000	1000.000	1125.000	25000.000	10.000	0.224
0.004	6750.000	2600.000	5.000	1139.000	1000.000	1146.000	25000.000	7.000	0.224
0.006	6850.000	2640.000	7.000	1082.000	1000.000	1095.000	25001.000	13.000	0.224
0.004	6950.000	2680.000	4.000	1060.000	1000.000	1075.000	25001.000	15.000	0.224
0.003	7050.000	2720.000	3.000	1061.000	1000.000	1076.000	25000.000	15.000	0.224
0.005	7150.000	2760.000	5.000	1063.000	1000.000	1081.000	25001.000	18.000	0.224
0.002	7250.000	2800.000	2.000	1103.000	1000.000	1115.000	25001.000	12.000	0.224
0.002	7350.000	2840.000	2.000	1148.000	1000.000	1157.000	25001.000	9.000	0.224
0.004	7450.000	2880.000	4.000	1062.000	1000.000	1074.000	25000.000	12.000	0.224
0.001	7550.000	2920.000	1.000	1109.000	1000.000	1114.000	25001.000	5.000	0.224
0.004	7650.000	2960.000	4.000	1122.000	1000.000	1127.000	25000.000	5.000	0.224
0.001	7750.000	3000.000	1.000	1047.000	1000.000	1053.000	25001.000	6.000	0.224
0.003	7850.000	3040.000	3.000	1079.000	1000.000	1086.000	25000.000	7.000	0.224
0.001	7950.000	3080.000	1.000	1109.000	1000.000	1115.000	25001.000	6.000	0.224
0.003	8050.000	3120.000	3.000	1079.000	1000.000	1087.000	25000.000	8.000	0.224
0.002	8150.000	3160.000	2.000	1082.000	1000.000	1091.000	25001.000	9.000	0.224
0.002	8250.000	3200.000	2.000	1144.000	1000.000	1157.000	25000.000	13.000	0.224
0.003	8350.000	3240.000	3.000	1090.000	1000.000	1099.000	25001.000	9.000	0.224
0.001	8450.000	3280.000	1.000	1022.000	1000.000	1031.000	25001.000	9.000	0.224
0.000	8550.000	3320.000	0.000	1130.000	1000.000	1135.000	25001.000	5.000	0.224
0.001	8650.000	3360.000	1.000	1090.000	1000.000	1101.000	25001.000	11.000	0.224
0.002	8750.000	3400.000	2.000	1060.000	1000.000	1070.000	25000.000	10.000	0.224
0.000	8850.000	3440.000	0.000	1108.000	1000.000	1115.000	25000.000	7.000	0.224
0.001	8950.000	3480.000	1.000	1046.000	1000.000	1051.000	25000.000	5.000	0.224
0.001	9050.000	3520.000	1.000	1083.000	1000.000	1090.000	25001.000	7.000	0.224
0.001	9150.000	3560.000	1.000	1143.000	1000.000	1150.000	25001.000	7.000	0.224
0.002	9250.000	3600.000	2.000	1089.000	1000.000	1100.000	25000.000	11.000	0.224
0.001	9350.000	3640.000	1.000	1085.000	1000.000	1092.000	25001.000	7.000	0.224
0.000	9450.000	3680.000	0.000	1092.000	1000.000	1100.000	25001.000	8.000	0.224
0.000	9550.000	3720.000	0.000	1096.000	1000.000	1101.000	25001.000	5.000	0.224
0.004	9650.000	3760.000	4.000	1044.000	1000.000	1056.000	25001.000	12.000	0.224
0.001	9750.000	3800.000	1.000	1120.000	1000.000	1126.000	25000.000	6.000	0.224
0.001	9850.000	3840.000	1.000	1069.000	1000.000	1076.000	25001.000	7.000	0.224
0.004	9950.000	3880.000	4.000	1076.000	1000.000	1089.000	25000.000	13.000	0.224
0.001	10050.000	3920.000	1.000	1082.000	1000.000	1088.000	25001.000	6.000	0.224
0.004	10150.000	3960.000	5.000	1136.000	1000.000	1149.000	25001.000	13.000	0.224
0.002	10250.000	4000.000	2.000	1101.000	1000.000	1105.000	25001.000	4.000	0.224
0.002	10350.000	4040.000	2.000	1104.000	1000.000	1111.000	25001.000	7.000	0.224
0.001	10450.000	4080.000	1.000	1153.000	1000.000	1158.000	25001.000	5.000	0.224
0.002	10550.000	4120.000	2.000	1115.000	1000.000	1123.000	25001.000	8.000	0.224
0.001	10650.000	4160.000	1.000	1037.000	1000.000	1041.000	25000.000	4.000	0.224
0.001	10750.000	4200.000	1.000	1089.000	1000.000	1092.000	25001.000	3.000	0.224
0.002	10850.000	4240.000	2.000	1100.000	1000.000	1104.000	25000.000	4.000	0.224
0.001	10950.000	4280.000	1.000	1035.000	1000.000	1040.000	25000.000	5.000	0.224
0.000	11050.000	4320.000	0.000	1106.000	1000.000	1111.000	25001.000	5.000	0.224
0.001	11150.000	4360.000	1.000	1100.000	1000.000	1103.000	25001.000	3.000	0.224
0.000	11250.000	4400.000	0.000	1108.000	1000.000	1115.000	25001.000	7.000	0.224
0.000	11350.000	4440.000	0.000	1094.000	1000.000	1101.000	25001.000	7.000	0.224
0.002	11450.000	4480.000	2.000	1093.000	1000.000	1102.000	25000.000	9.000	0.224
0.000	11550.000	4520.000	0.000	1071.000	1000.000	1073.000	25001.000	2.000	0.224
0.001	11650.000	4560.000	1.000	1125.000	1000.000	1132.000	25001.000	7.000	0.224
0.002	11750.000	4600.000	2.000	1116.000	1000.000	1122.000	25000.000	6.000	0.224
0.001	11850.000	4640.000	1.000	1085.000	1000.000	1087.000	25000.000	2.000	0.224
0.000	11950.000	4680.000	0.000	1126.000	1000.000	1128.000	25001.000	2.000	0.224
0.002	12050.000	4720.000	2.000	1065.000	1000.000	1072.000	25001.000	7.000	0.224
0.000	12150.000	4760.000	0.000	1098.000	1000.000	1102.000	25000.000	4.000	0.224
0.002	12250.000	4800.000	2.000	1057.000	1000.000	1064.000	25000.000	7.000	0.224
0.001	12350.000	4840.000	1.000	1103.000	1000.000	1107.000	25000.000	4.000	0.224
0.002	12450.000	4880.000	2.000	1138.000	1000.000	1146.000	25001.000	8.000	0.224
0.003	12550.000	4920.000	3.000	1056.000	1000.000	1061.000	25001.000	5.000	0.224
0.000	12650.000	4960.000	0.000	1107.000	1000.000	1112.000	25001.000	5.000	0.224
0.001	12750.000	5000.000	1.000	1053.000	1000.000	1060.000	25001.000	7.000	0.224
0.000	12850.000	5040.000	0.000	1078.000	1000.000	1084.000	25001.000	6.000	0.224
0.000	12950.000	5080.000	0.000	1116.000	1000.000	1121.000	25001.000	5.000	0.224
0.003	13050.000	5120.000	3.000	1144.000	1000.000	1152.000	25001.000	8.000	0.224
0.000	13150.000	5160.000	0.000	1071.000	1000.000	1076.000	25001.000	5.000	0.224
0.001	13250.000	5200.000	1.000	1044.000	1000.000	1049.000	25001.000	5.000	0.224
0.001	13350.000	5240.000	1.000	1075.000	1000.000	1078.000	25001.000	3.000	0.224
0.002	13450.000	5280.000	2.000	1155.000	1000.000	1163.000	25000.000	8.000	0.224
0.000	13550.000	5320.000	0.000	1108.000	1000.000	1110.000	25001.000	2.000	0.224
0.000	13650.000	5360.000	0.000	1108.000	1000.000	1112.000	25001.000	4.000	0.224
0.000	13750.000	5400.000	0.000	1104.000	1000.000	1107.000	25001.000	3.000	0.224
0.002	13850.000	5440.000	2.000	1055.000	1000.000	1061.000	25001.000	6.000	0.224
0.001	13950.000	5480.000	1.000	1151.000	1000.000	1159.000	25001.000	8.000	0.224
0.000	14050.000	5520.000	0.000	1080.000	1000.000	1084.000	25000.000	4.000	0.224
0.000	14150.000	5560.000	0.000	1071.000	1000.000	1071.000	25000.000	0.000	0.224
0.001	14250.000	5600.000	1.000	1092.000	1000.000	1099.000	25001.000	7.000	0.224
0.001	14350.000	5640.000	1.000	1111.000	1000.000	1123.000	25001.000	12.000	0.224
0.000	14450.000	5680.000	0.000	1121.000	1000.000	1123.000	25001.000	2.000	0.224
0.000	14550.000	5720.000	0.000	1088.000	1000.000	1090.000	25001.000	2.000	0.224
0.001	14650.000	5760.000	1.000	1115.000	1000.000	1119.000	25000.000	4.000	0.224
0.002	14750.000	5800.000	2.000	1052.000	1000.000	1058.000	25000.000	6.000	0.224
0.001	14850.000	5840.000	1.000	1083.000	1000.000	1088.000	25001.000	5.000	0.224
0.001	14950.000	5880.000	1.000	1162.000	1000.000	1171.000	25001.000	9.000	0.224
0.000	15050.000	5920.000	0.000	1104.000	1000.000	1105.000	25000.000	1.000	0.224
0.002	15150.000	5960.000	2.000	1094.000	1000.000	1099.000	25001.000	5.000	0.224
0.001	15250.000	6000.000	1.000	1105.000	1000.000	1109.000	25000.000	4.000	0.224
0.002	15350.000	6040.000	2.000	1080.000	1000.000	1086.000	25000.000	6.000	0.224
0.001	15450.000	6080.000	1.000	1122.000	1000.000	1124.000	25001.000	2.000	0.224
0.000	15550.000	6120.000	0.000	1095.000	1000.000	1106.000	25001.000	11.000	0.224
0.000	15650.000	6160.000	0.000	1062.000	1000.000	1063.000	25000.000	1.000	0.224
0.000	15750.000	6200.000	0.000	1154.000	1000.000	1157.000	25001.000	3.000	0.224
0.000	15850.000	6240.000	0.000	1084.000	1000.000	1087.000	25001.000	3.000	0.224
0.000	15950.000	6280.000	0.000	1138.000	1000.000	1143.000	25000.000	5.000	0.224
0.000	16050.000	6320.000	0.000	1153.000	1000.000	1157.000	25000.000	4.000	0.224
0.000	16150.000	6360.000	0.000	1119.000	1000.000	1123.000	25000.000	4.000	0.224
0.000	16250.000	6400.000	0.000	1043.000	1000.000	1048.000	25000.000	5.000	0.224
0.001	16350.000	6440.000	1.000	1053.000	1000.000	1058.000	25001.000	5.000	0.224
0.001	16450.000	6480.000	1.000	1083.000	1000.000	1090.000	25001.000	7.000	0.224
0.001	16550.000	6520.000	1.000	1150.000	1000.000	1153.000	25000.000	3.000	0.224
0.000	16650.000	6560.000	0.000	1130.000	1000.000	1133.000	25000.000	3.000	0.224
0.000	16750.000	6600.000	0.000	1088.000	1000.000	1094.000	25001.000	6.000	0.224
0.002	16850.000	6640.000	2.000	1084.000	1000.000	1089.000	25001.000	5.000	0.224
0.000	16950.000	6680.000	0.000	1109.000	1000.000	1112.000	25001.000	3.000	0.224
0.000	17050.000	6720.000	0.000	1065.000	1000.000	1070.000	25001.000	5.000	0.224
0.000	17150.000	6760.000	0.000	1093.000	1000.000	1095.000	25000.000	2.000	0.224
0.001	17250.000	6800.000	1.000	1136.000	1000.000	1138.000	25000.000	2.000	0.224
0.000	17350.000	6840.000	0.000	1063.000	1000.000	1067.000	25001.000	4.000	0.224
0.002	17450.000	6880.000	2.000	1078.000	1000.000	1083.000	25001.000	5.000	0.224
0.000	17550.000	6920.000	0.000	1149.000	1000.000	1151.000	25001.000	2.000	0.224
0.000	17650.000	6960.000	0.000	1090.000	1000.000	1090.000	25000.000	0.000	0.224
0.000	17750.000	7000.000	0.000	1131.000	1000.000	1136.000	25001.000	5.000	0.224
0.001	17850.000	7040.000	1.000	1114.000	1000.000	1118.000	25001.000	4.000	0.224
0.002	17950.000	7080.000	2.000	1076.000	1000.000	1083.000	25000.000	7.000	0.224
0.000	18050.000	7120.000	0.000	1106.000	1000.000	1111.000	25000.000	5.000	0.224
0.000	18150.000	7160.000	0.000	1093.000	1000.000	1094.000	25001.000	1.000	0.224
0.000	18250.000	7200.000	0.000	1096.000	1000.000	1096.000	25001.000	0.000	0.224
0.002	18350.000	7240.000	2.000	1136.000	1000.000	1144.000	25001.000	8.000	0.224
0.000	18450.000	7280.000	0.000	1107.000	1000.000	1108.000	25000.000	1.000	0.224
0.000	18550.000	7320.000	0.000	1108.000	1000.000	1111.000	25000.000	3.000	0.224
0.000	18650.000	7360.000	0.000	1117.000	1000.000	1120.000	25001.000	3.000	0.224
0.001	18750.000	7400.000	1.000	1160.000	1000.000	1164.000	25000.000	4.000	0.224
0.004	18850.000	7440.000	4.000	1093.000	1000.000	1099.000	25000.000	6.000	0.224
0.000	18950.000	7480.000	0.000	1060.000	1000.000	1063.000	25001.000	3.000	0.224
0.000	19050.000	7520.000	0.000	1134.000	1000.000	1137.000	25000.000	3.000	0.224
0.000	19150.000	7560.000	0.000	1082.000	1000.000	1089.000	25001.000	7.000	0.224
0.002	19250.000	7600.000	2.000	1117.000	1000.000	1127.000	25000.000	10.000	0.224
0.001	19350.000	7640.000	1.000	1088.000	1000.000	1098.000	25001.000	10.000	0.224
0.000	19450.000	7680.000	0.000	1079.000	1000.000	1085.000	25000.000	6.000	0.224
0.000	19550.000	7720.000	0.000	1091.000	1000.000	1098.000	25001.000	7.000	0.224
0.000	19650.000	7760.000	0.000	632.000	1000.000	637.000	25000.000	5.000	0.224
0.000	19750.000	7800.000	0.000	1088.000	1000.000	1092.000	25000.000	4.000	0.224
0.000	19850.000	7840.000	0.000	1104.000	1000.000	1110.000	25001.000	6.000	0.224
0.002	19950.000	7880.000	2.000	1092.000	1000.000	1096.000	25001.000	4.000	0.224
0.001	20050.000	7920.000	1.000	1085.000	1000.000	1089.000	25001.000	4.000	0.224
0.000	20150.000	7960.000	0.000	1103.000	1000.000	1108.000	25000.000	5.000	0.224
0.000	20250.000	8000.000	0.000	1065.000	1000.000	1067.000	25001.000	2.000	0.224
0.001	20350.000	8040.000	1.000	1102.000	1000.000	1106.000	25001.000	4.000	0.224
0.001	20450.000	8080.000	1.000	1065.000	1000.000	1073.000	25000.000	8.000	0.224
0.001	20550.000	8120.000	1.000	1091.000	1000.000	1096.000	25001.000	5.000	0.224
0.001	20650.000	8160.000	1.000	1037.000	1000.000	1044.000	25001.000	7.000	0.224
0.001	20750.000	8200.000	1.000	1120.000	1000.000	1122.000	25000.000	2.000	0.224
0.000	20850.000	8240.000	0.000	1044.000	1000.000	1048.000	25000.000	4.000	0.224
0.000	20950.000	8280.000	0.000	1107.000	1000.000	1107.000	25001.000	0.000	0.224
0.001	21050.000	8320.000	1.000	1036.000	1000.000	1042.000	25001.000	6.000	0.224
0.000	21150.000	8360.000	0.000	1089.000	1000.000	1090.000	25001.000	1.000	0.224
0.000	21250.000	8400.000	0.000	1075.000	1000.000	1079.000	25001.000	4.000	0.224
0.000	21350.000	8440.000	0.000	1051.000	1000.000	1052.000	25001.000	1.000	0.224
0.001	21450.000	8480.000	1.000	1123.000	1000.000	1127.000	25001.000	4.000	0.224
0.000	21550.000	8520.000	0.000	1112.000	1000.000	1117.000	25001.000	5.000	0.224
0.000	21650.000	8560.000	0.000	1106.000	1000.000	1108.000	25001.000	2.000	0.224
0.001	21750.000	8600.000	1.000	1133.000	1000.000	1135.000	25001.000	2.000	0.224
0.000	21850.000	8640.000	0.000	1156.000	1000.000	1161.000	25000.000	5.000	0.224
0.000	21950.000	8680.000	0.000	1113.000	1000.000	1115.000	25001.000	2.000	0.224
0.000	22050.000	8720.000	0.000	1076.000	1000.000	1085.000	25001.000	9.000	0.224
0.000	22150.000	8760.000	0.000	1082.000	1000.000	1087.000	25001.000	5.000	0.224
0.000	22250.000	8800.000	0.000	1115.000	1000.000	1120.000	25001.000	5.000	0.224
0.000	22350.000	8840.000	0.000	1101.000	1000.000	1103.000	25001.000	2.000	0.224
0.001	22450.000	8880.000	1.000	1060.000	1000.000	1064.000	25001.000	4.000	0.224
0.000	22550.000	8920.000	0.000	1129.000	1000.000	1131.000	25001.000	2.000	0.224
0.000	22650.000	8960.000	0.000	1071.000	1000.000	1074.000	25000.000	3.000	0.224
0.000	22750.000	9000.000	0.000	1114.000	1000.000	1119.000	25001.000	5.000	0.224
0.000	22850.000	9040.000	0.000	1082.000	1000.000	1086.000	25000.000	4.000	0.224
0.001	22950.000	9080.000	1.000	1061.000	1000.000	1063.000	25000.000	2.000	0.225
0.000	23050.000	9120.000	0.000	1114.000	1000.000	1116.000	25001.000	2.000	0.225
0.000	23150.000	9160.000	0.000	1086.000	1000.000	1090.000	25001.000	4.000	0.225
0.001	23250.000	9200.000	1.000	1072.000	1000.000	1073.000	25000.000	1.000	0.225
0.002	23350.000	9240.000	2.000	1120.000	1000.000	1126.000	25001.000	6.000	0.225
0.000	23450.000	9280.000	0.000	1125.000	1000.000	1129.000	25001.000	4.000	0.225
0.000	23550.000	9320.000	0.000	1064.000	1000.000	1066.000	25000.000	2.000	0.225
0.001	23650.000	9360.000	1.000	1114.000	1000.000	1119.000	25001.000	5.000	0.225
0.001	23750.000	9400.000	1.000	1082.000	1000.000	1083.000	25001.000	1.000	0.225
0.000	23850.000	9440.000	0.000	1092.000	1000.000	1097.000	25001.000	5.000	0.225
0.000	23950.000	9480.000	0.000	1120.000	1000.000	1123.000	25000.000	3.000	0.225
0.001	24050.000	9520.000	1.000	1074.000	1000.000	1078.000	25001.000	4.000	0.225
0.000	24150.000	9560.000	0.000	1053.000	1000.000	1055.000	25001.000	2.000	0.225
0.001	24250.000	9600.000	1.000	1145.000	1000.000	1151.000	25001.000	6.000	0.225
0.001	24350.000	9640.000	1.000	1108.000	1000.000	1112.000	25001.000	4.000	0.225
0.000	24450.000	9680.000	0.000	1104.000	1000.000	1107.000	25000.000	3.000	0.225
0.001	24550.000	9720.000	1.000	1151.000	1000.000	1156.000	25001.000	5.000	0.225
0.001	24650.000	9760.000	1.000	1082.000	1000.000	1089.000	25000.000	7.000	0.225
0.000	24750.000	9800.000	0.000	1128.000	1000.000	1132.000	25001.000	4.000	0.225
0.003	24850.000	9840.000	3.000	1109.000	1000.000	1114.000	25001.000	5.000	0.225
0.000	24950.000	9880.000	0.000	1111.000	1000.000	1116.000	25001.000	5.000	0.225
0.001	25050.000	9920.000	1.000	1083.000	1000.000	1090.000	25001.000	7.000	0.225
0.000	25150.000	9960.000	0.000	1122.000	1000.000	1123.000	25000.000	1.000	0.225
0.002	25250.000	10000.000	2.000	1057.000	1000.000	1064.000	25000.000	7.000	0.225
0.001	25350.000	10040.000	1.000	1116.000	1000.000	1117.000	25001.000	1.000	0.225
0.000	25450.000	10080.000	0.000	1094.000	1000.000	1098.000	25001.000	4.000	0.225
0.000	25550.000	10120.000	0.000	1105.000	1000.000	1107.000	25000.000	2.000	0.225
0.000	25650.000	10160.000	0.000	1089.000	1000.000	1090.000	25001.000	1.000	0.225
0.000	25750.000	10200.000	0.000	1110.000	1000.000	1112.000	25001.000	2.000	0.225
0.001	25850.000	10240.000	1.000	1047.000	1000.000	1051.000	25001.000	4.000	0.225
0.000	25950.000	10280.000	0.000	1170.000	1000.000	1175.000	25001.000	5.000	0.225
0.000	26050.000	10320.000	0.000	1105.000	1000.000	1107.000	25000.000	2.000	0.225
0.001	26150.000	10360.000	1.000	1136.000	1000.000	1143.000	25000.000	7.000	0.225
0.000	26250.000	10400.000	0.000	1063.000	1000.000	1066.000	25001.000	3.000	0.225
0.000	26350.000	10440.000	0.000	1125.000	1000.000	1128.000	25001.000	3.000	0.225
0.000	26450.000	10480.000	0.000	1099.000	1000.000	1101.000	25000.000	2.000	0.225
0.000	26550.000	10520.000	0.000	1106.000	1000.000	1111.000	25001.000	5.000	0.225
0.000	26650.000	10560.000	0.000	1013.000	1000.000	1015.000	25001.000	2.000	0.225
0.000	26750.000	10600.000	0.000	1099.000	1000.000	1102.000	25000.000	3.000	0.225
0.000	26850.000	10640.000	0.000	1085.000	1000.000	1090.000	25001.000	5.000	0.225
0.000	26950.000	10680.000	0.000	1079.000	1000.000	1083.000	25001.000	4.000	0.225
0.001	27050.000	10720.000	1.000	1088.000	1000.000	1092.000	25000.000	4.000	0.225
0.000	27150.000	10760.000	0.000	1074.000	1000.000	1078.000	25001.000	4.000	0.225
0.001	27250.000	10800.000	1.000	1136.000	1000.000	1139.000	25000.000	3.000	0.225
0.000	27350.000	10840.000	0.000	1154.000	1000.000	1155.000	25000.000	1.000	0.225
0.001	27450.000	10880.000	1.000	1065.000	1000.000	1066.000	25001.000	1.000	0.225
0.001	27550.000	10920.000	1.000	1114.000	1000.000	1117.000	25001.000	3.000	0.225
0.000	27650.000	10960.000	0.000	1148.000	1000.000	1154.000	25001.000	6.000	0.225
0.001	27750.000	11000.000	1.000	1102.000	1000.000	1106.000	25000.000	4.000	0.225
0.001	27850.000	11040.000	1.000	1073.000	1000.000	1077.000	25000.000	4.000	0.225
0.000	27950.000	11080.000	0.000	1140.000	1000.000	1141.000	25000.000	1.000	0.225
0.000	28050.000	11120.000	0.000	1051.000	1000.000	1053.000	25001.000	2.000	0.225
0.000	28150.000	11160.000	0.000	1080.000	1000.000	1081.000	25001.000	1.000	0.225
0.000	28250.000	11200.000	0.000	1120.000	1000.000	1123.000	25001.000	3.000	0.225
0.001	28350.000	11240.000	1.000	1116.000	1000.000	1119.000	25001.000	3.000	0.225
0.000	28450.000	11280.000	0.000	1035.000	1000.000	1040.000	25001.000	5.000	0.225
0.000	28550.000	11320.000	0.000	1101.000	1000.000	1103.000	25001.000	2.000	0.225
0.000	28650.000	11360.000	0.000	1125.000	1000.000	1129.000	25001.000	4.000	0.225
0.001	28750.000	11400.000	1.000	1089.000	1000.000	1092.000	25000.000	3.000	0.225
0.000	28850.000	11440.000	0.000	1106.000	1000.000	1107.000	25000.000	1.000	0.225
0.000	28950.000	11480.000	0.000	1101.000	1000.000	1103.000	25001.000	2.000	0.225
0.000	29050.000	11520.000	0.000	1090.000	1000.000	1092.000	25001.000	2.000	0.225
0.000	29150.000	11560.000	0.000	1107.000	1000.000	1111.000	25000.000	4.000	0.225
0.000	29250.000	11600.000	0.000	1058.000	1000.000	1060.000	25000.000	2.000	0.225
0.001	29350.000	11640.000	1.000	1128.000	1000.000	1133.000	25001.000	5.000	0.225
0.000	29450.000	11680.000	0.000	1111.000	1000.000	1116.000	25001.000	5.000	0.225
0.000	29550.000	11720.000	0.000	1043.000	1000.000	1050.000	25001.000	7.000	0.225
0.001	29650.000	11760.000	1.000	1098.000	1000.000	1102.000	25001.000	4.000	0.225
0.000	29750.000	11800.000	0.000	638.000	1000.000	640.000	25001.000	2.000	0.225
0.000	29850.000	11840.000	0.000	1061.000	1000.000	1065.000	25000.000	4.000	0.225
0.000	29950.000	11880.000	0.000	1139.000	1000.000	1142.000	25001.000	3.000	0.225
0.000	30050.000	11920.000	0.000	1161.000	1000.000	1163.000	25001.000	2.000	0.225
0.000	30150.000	11960.000	0.000	1080.000	1000.000	1082.000	25000.000	2.000	0.225
0.000	30250.000	12000.000	0.000	1120.000	1000.000	1123.000	25001.000	3.000	0.225
0.000	30350.000	12040.000	0.000	1114.000	1000.000	1114.000	25001.000	0.000	0.225
0.001	30450.000	12080.000	1.000	1139.000	1000.000	1146.000	25001.000	4.000	0.225
0.000	30550.000	12120.000	0.000	1042.000	1000.000	1047.000	25000.000	0.000	0.225
0.000	30650.000	12160.000	0.000	1152.000	1000.000	1155.000	25001.000	0.000	0.225
0.196	30750.000	12200.000	193.000	985.000	1000.000	990.000	25000.000	0.000	0.225
