000000.763	000850.000	000480.000	000100.000	000131.000	000007.000	000250.000	000393.000	000119.000	000000.226
000000.847	000950.000	000560.000	000100.000	000118.000	000008.000	000228.000	000403.000	000110.000	000000.226
000000.752	001050.000	000640.000	000100.000	000133.000	000007.000	000250.000	000397.000	000117.000	000000.226
000000.794	001150.000	000720.000	000100.000	000126.000	000007.000	000243.000	000352.000	000117.000	000000.226
000000.806	001250.000	000800.000	000100.000	000124.000	000006.000	000240.000	000304.000	000116.000	000000.226
000000.820	001350.000	000880.000	000100.000	000122.000	000005.000	000234.000	000267.000	000112.000	000000.226
000000.730	001450.000	000960.000	000100.000	000137.000	000006.000	000250.000	000329.000	000113.000	000000.226
000000.763	001550.000	001040.000	000100.000	000131.000	000007.000	000244.000	000382.000	000113.000	000000.226
000000.806	001650.000	001120.000	000100.000	000124.000	000007.000	000240.000	000386.000	000116.000	000000.226
000000.730	001750.000	001200.000	000100.000	000137.000	000007.000	000248.000	000377.000	000111.000	000000.226
000000.746	001850.000	001280.000	000100.000	000134.000	000006.000	000243.000	000338.000	000109.000	000000.226
000000.735	001950.000	001360.000	000100.000	000136.000	000008.000	000258.000	000433.000	000122.000	000000.226
000000.730	002050.000	001440.000	000100.000	000137.000	000008.000	000255.000	000436.000	000118.000	000000.226
000000.714	002150.000	001520.000	000100.000	000140.000	000008.000	000259.000	000414.000	000119.000	000000.226
000000.719	002250.000	001600.000	000100.000	000139.000	000007.000	000255.000	000396.000	000116.000	000000.226
000000.694	002350.000	001680.000	000100.000	000144.000	000007.000	000255.000	000398.000	000111.000	000000.226
000000.752	002450.000	001760.000	000100.000	000133.000	000006.000	000243.000	000328.000	000110.000	000000.226
000000.719	002550.000	001840.000	000100.000	000139.000	000008.000	000258.000	000406.000	000119.000	000000.226
000000.806	002650.000	001920.000	000100.000	000124.000	000007.000	000236.000	000355.000	000112.000	000000.226
000000.741	002750.000	002000.000	000100.000	000135.000	000008.000	000255.000	000406.000	000120.000	000000.226
000000.725	002850.000	002080.000	000100.000	000138.000	000007.000	000250.000	000374.000	000112.000	000000.226
000000.685	002950.000	002160.000	000100.000	000146.000	000007.000	000261.000	000369.000	000115.000	000000.226
000000.775	003050.000	002240.000	000100.000	000129.000	000007.000	000246.000	000367.000	000117.000	000000.226
000000.746	003150.000	002320.000	000100.000	000134.000	000007.000	000247.000	000368.000	000113.000	000000.226
000000.806	003250.000	002400.000	000100.000	000124.000	000006.000	000236.000	000306.000	000112.000	000000.226
000000.833	003350.000	002480.000	000100.000	000120.000	000007.000	000228.000	000375.000	000108.000	000000.226
000000.833	003450.000	002560.000	000100.000	000120.000	000006.000	000235.000	000316.000	000115.000	000000.226
000000.662	003550.000	002640.000	000100.000	000151.000	000007.000	000268.000	000380.000	000117.000	000000.226
000000.685	003650.000	002720.000	000100.000	000146.000	000007.000	000260.000	000359.000	000114.000	000000.226
000000.741	003750.000	002800.000	000100.000	000135.000	000007.000	000250.000	000378.000	000115.000	000000.226
000000.752	003850.000	002880.000	000100.000	000133.000	000007.000	000250.000	000397.000	000117.000	000000.226
000000.714	003950.000	002960.000	000100.000	000140.000	000007.000	000252.000	000373.000	000112.000	000000.226
000000.709	004050.000	003040.000	000100.000	000141.000	000007.000	000255.000	000359.000	000114.000	000000.226
000000.714	004150.000	003120.000	000100.000	000140.000	000008.000	000255.000	000426.000	000115.000	000000.226
000000.709	004250.000	003200.000	000100.000	000141.000	000007.000	000256.000	000370.000	000115.000	000000.226
000000.758	004350.000	003280.000	000100.000	000132.000	000006.000	000243.000	000338.000	000111.000	000000.226
000000.735	004450.000	003360.000	000100.000	000136.000	000007.000	000244.000	000362.000	000108.000	000000.226
000000.654	004550.000	003440.000	000100.000	000153.000	000007.000	000269.000	000376.000	000116.000	000000.226
000000.714	004650.000	003520.000	000100.000	000140.000	000007.000	000256.000	000386.000	000116.000	000000.226
000000.654	004750.000	003600.000	000100.000	000153.000	000009.000	000268.000	000488.000	000115.000	000000.226
000000.758	004850.000	003680.000	000100.000	000132.000	000006.000	000243.000	000337.000	000111.000	000000.226
000000.730	004950.000	003760.000	000100.000	000137.000	000008.000	000259.000	000413.000	000122.000	000000.226
000000.645	005050.000	003840.000	000100.000	000155.000	000008.000	000274.000	000447.000	000119.000	000000.226
000000.725	005150.000	003920.000	000100.000	000138.000	000007.000	000254.000	000386.000	000116.000	000000.226
000000.649	005250.000	004000.000	000100.000	000154.000	000009.000	000271.000	000452.000	000117.000	000000.226
000000.725	005350.000	004080.000	000100.000	000138.000	000007.000	000252.000	000378.000	000114.000	000000.226
000000.667	005450.000	004160.000	000100.000	000150.000	000008.000	000266.000	000408.000	000116.000	000000.227
000000.781	005550.000	004240.000	000100.000	000128.000	000006.000	000240.000	000319.000	000112.000	000000.227
000000.662	005650.000	004320.000	000100.000	000151.000	000008.000	000272.000	000406.000	000121.000	000000.227
000000.769	005750.000	004400.000	000100.000	000130.000	000007.000	000245.000	000389.000	000115.000	000000.227
000000.704	005850.000	004480.000	000100.000	000142.000	000007.000	000261.000	000361.000	000119.000	000000.227
000000.758	005950.000	004560.000	000100.000	000132.000	000006.000	000244.000	000331.000	000112.000	000000.227
000000.694	006050.000	004640.000	000100.000	000144.000	000007.000	000257.000	000377.000	000113.000	000000.227
000000.735	006150.000	004720.000	000100.000	000136.000	000007.000	000253.000	000385.000	000117.000	000000.227
000000.709	006250.000	004800.000	000100.000	000141.000	000006.000	000255.000	000347.000	000114.000	000000.227
000000.719	006350.000	004880.000	000100.000	000139.000	000006.000	000248.000	000336.000	000109.000	000000.227
000000.735	006450.000	004960.000	000100.000	000136.000	000008.000	000252.000	000407.000	000116.000	000000.227
000000.758	006550.000	005040.000	000100.000	000132.000	000007.000	000246.000	000362.000	000114.000	000000.227
000000.730	006650.000	005120.000	000100.000	000137.000	000006.000	000248.000	000347.000	000111.000	000000.227
000000.725	006750.000	005200.000	000100.000	000138.000	000006.000	000251.000	000317.000	000113.000	000000.227
000000.676	006850.000	005280.000	000100.000	000148.000	000007.000	000265.000	000368.000	000117.000	000000.227
000000.680	006950.000	005360.000	000100.000	000147.000	000007.000	000261.000	000377.000	000114.000	000000.227
000000.730	007050.000	005440.000	000100.000	000137.000	000007.000	000253.000	000378.000	000116.000	000000.227
000000.735	007150.000	005520.000	000100.000	000136.000	000008.000	000253.000	000409.000	000117.000	000000.227
000000.719	007250.000	005600.000	000100.000	000139.000	000007.000	000265.000	000367.000	000126.000	000000.227
000000.746	007350.000	005680.000	000100.000	000134.000	000007.000	000246.000	000387.000	000112.000	000000.227
000000.694	007450.000	005760.000	000100.000	000144.000	000006.000	000256.000	000321.000	000112.000	000000.227
000000.658	007550.000	005840.000	000100.000	000152.000	000008.000	000269.000	000406.000	000117.000	000000.227
000000.741	007650.000	005920.000	000100.000	000135.000	000007.000	000255.000	000390.000	000120.000	000000.227
000000.769	007750.000	006000.000	000100.000	000130.000	000006.000	000242.000	000338.000	000112.000	000000.227
000000.709	007850.000	006080.000	000100.000	000141.000	000007.000	000256.000	000367.000	000115.000	000000.227
000000.645	007950.000	006160.000	000100.000	000155.000	000009.000	000273.000	000451.000	000118.000	000000.227
000000.719	008050.000	006240.000	000100.000	000139.000	000007.000	000258.000	000379.000	000119.000	000000.227
000000.719	008150.000	006320.000	000100.000	000139.000	000007.000	000250.000	000379.000	000111.000	000000.227
000000.719	008250.000	006400.000	000100.000	000139.000	000007.000	000257.000	000353.000	000118.000	000000.227
000000.735	008350.000	006480.000	000100.000	000136.000	000007.000	000247.000	000383.000	000111.000	000000.227
000000.735	008450.000	006560.000	000100.000	000136.000	000006.000	000250.000	000329.000	000114.000	000000.227
000000.752	008550.000	006640.000	000100.000	000133.000	000007.000	000248.000	000356.000	000115.000	000000.226
000000.662	008650.000	006720.000	000100.000	000151.000	000007.000	000268.000	000396.000	000117.000	000000.227
000000.725	008750.000	006800.000	000100.000	000138.000	000007.000	000257.000	000361.000	000119.000	000000.227
000000.862	008850.000	006880.000	000100.000	000116.000	000007.000	000230.000	000352.000	000114.000	000000.226
000000.654	008950.000	006960.000	000100.000	000153.000	000008.000	000266.000	000427.000	000113.000	000000.227
000000.725	009050.000	007040.000	000100.000	000138.000	000008.000	000252.000	000403.000	000114.000	000000.227
000000.690	009150.000	007120.000	000100.000	000145.000	000008.000	000258.000	000424.000	000113.000	000000.227
000000.735	009250.000	007200.000	000100.000	000136.000	000006.000	000249.000	000343.000	000113.000	000000.227
000000.685	009350.000	007280.000	000100.000	000146.000	000007.000	000251.000	000365.000	000105.000	000000.227
000000.704	009450.000	007360.000	000100.000	000142.000	000007.000	000254.000	000357.000	000112.000	000000.227
000000.690	009550.000	007440.000	000100.000	000145.000	000006.000	000264.000	000342.000	000119.000	000000.227
000000.714	009650.000	007520.000	000100.000	000140.000	000008.000	000253.000	000439.000	000113.000	000000.226
000000.694	009750.000	007600.000	000100.000	000144.000	000008.000	000260.000	000405.000	000116.000	000000.227
000000.746	009850.000	007680.000	000100.000	000134.000	000007.000	000252.000	000392.000	000118.000	000000.227
000000.685	009950.000	007760.000	000100.000	000146.000	000007.000	000265.000	000366.000	000119.000	000000.227
000000.741	010050.000	007840.000	000100.000	000135.000	000007.000	000249.000	000364.000	000114.000	000000.227
000000.667	010150.000	007920.000	000100.000	000150.000	000008.000	000269.000	000415.000	000119.000	000000.227
000000.680	010250.000	008000.000	000100.000	000147.000	000008.000	000262.000	000406.000	000115.000	000000.227
000000.699	010350.000	008080.000	000100.000	000143.000	000007.000	000263.000	000368.000	000120.000	000000.227
000000.699	010450.000	008160.000	000100.000	000143.000	000008.000	000262.000	000405.000	000119.000	000000.227
000000.752	010550.000	008240.000	000100.000	000133.000	000007.000	000243.000	000359.000	000110.000	000000.227
000000.658	010650.000	008320.000	000100.000	000152.000	000007.000	000266.000	000392.000	000114.000	000000.227
000000.775	010750.000	008400.000	000100.000	000129.000	000006.000	000247.000	000333.000	000118.000	000000.227
000000.741	010850.000	008480.000	000100.000	000135.000	000007.000	000249.000	000379.000	000114.000	000000.227
000000.649	010950.000	008560.000	000100.000	000154.000	000007.000	000272.000	000376.000	000118.000	000000.227
000000.621	011050.000	008640.000	000100.000	000161.000	000007.000	000284.000	000374.000	000123.000	000000.227
000000.629	011150.000	008720.000	000100.000	000159.000	000008.000	000276.000	000429.000	000117.000	000000.227
000000.690	011250.000	008800.000	000100.000	000145.000	000007.000	000263.000	000361.000	000118.000	000000.227
000000.704	011350.000	008880.000	000100.000	000142.000	000006.000	000262.000	000349.000	000120.000	000000.227
000000.694	011450.000	008960.000	000100.000	000144.000	000008.000	000260.000	000417.000	000116.000	000000.227
000000.704	011550.000	009040.000	000100.000	000142.000	000007.000	000258.000	000367.000	000116.000	000000.227
000000.714	011650.000	009120.000	000100.000	000140.000	000007.000	000256.000	000384.000	000116.000	000000.227
000000.685	011750.000	009200.000	000100.000	000146.000	000008.000	000265.000	000447.000	000119.000	000000.227
000000.613	011850.000	009280.000	000100.000	000163.000	000009.000	000284.000	000474.000	000121.000	000000.227
000000.704	011950.000	009360.000	000100.000	000142.000	000007.000	000258.000	000397.000	000116.000	000000.227
000000.649	012050.000	009440.000	000100.000	000154.000	000008.000	000272.000	000429.000	000118.000	000000.226
000000.671	012150.000	009520.000	000100.000	000149.000	000008.000	000259.000	000406.000	000110.000	000000.226
000000.671	012250.000	009600.000	000100.000	000149.000	000008.000	000272.000	000419.000	000123.000	000000.227
000000.658	012350.000	009680.000	000100.000	000152.000	000008.000	000277.000	000435.000	000125.000	000000.227
000000.641	012450.000	009760.000	000100.000	000156.000	000007.000	000273.000	000394.000	000117.000	000000.227
000000.694	012550.000	009840.000	000100.000	000144.000	000007.000	000270.000	000376.000	000126.000	000000.227
000000.654	012650.000	009920.000	000100.000	000153.000	000007.000	000275.000	000370.000	000122.000	000000.227
000000.676	012750.000	010000.000	000100.000	000148.000	000008.000	000264.000	000425.000	000116.000	000000.227
000000.694	012850.000	010080.000	000100.000	000144.000	000008.000	000265.000	000409.000	000121.000	000000.227
000000.730	012950.000	010160.000	000100.000	000137.000	000007.000	000260.000	000381.000	000123.000	000000.227
000000.690	013050.000	010240.000	000100.000	000145.000	000007.000	000270.000	000382.000	000125.000	000000.227
000000.641	013150.000	010320.000	000100.000	000156.000	000008.000	000273.000	000406.000	000117.000	000000.227
000000.654	013250.000	010400.000	000100.000	000153.000	000008.000	000267.000	000433.000	000114.000	000000.227
000000.676	013350.000	010480.000	000100.000	000148.000	000007.000	000265.000	000367.000	000117.000	000000.227
000000.725	013450.000	010560.000	000100.000	000138.000	000007.000	000253.000	000388.000	000115.000	000000.227
000000.709	013550.000	010640.000	000100.000	000141.000	000006.000	000254.000	000321.000	000113.000	000000.226
000000.662	013650.000	010720.000	000100.000	000151.000	000007.000	000269.000	000354.000	000118.000	000000.227
000000.685	013750.000	010800.000	000100.000	000146.000	000008.000	000262.000	000421.000	000116.000	000000.226
000000.735	013850.000	010880.000	000100.000	000136.000	000007.000	000255.000	000377.000	000119.000	000000.226
000000.709	013950.000	010960.000	000100.000	000141.000	000007.000	000255.000	000383.000	000114.000	000000.226
000000.645	014050.000	011040.000	000100.000	000155.000	000009.000	000276.000	000456.000	000121.000	000000.227
000000.680	014150.000	011120.000	000100.000	000147.000	000007.000	000267.000	000380.000	000120.000	000000.227
000000.704	014250.000	011200.000	000100.000	000142.000	000006.000	000261.000	000348.000	000119.000	000000.227
000000.758	014350.000	011280.000	000100.000	000132.000	000007.000	000248.000	000357.000	000116.000	000000.227
000000.690	014450.000	011360.000	000100.000	000145.000	000007.000	000261.000	000354.000	000116.000	000000.227
000000.741	014550.000	011440.000	000100.000	000135.000	000007.000	000251.000	000356.000	000116.000	000000.227
000000.645	014650.000	011520.000	000100.000	000155.000	000008.000	000280.000	000429.000	000125.000	000000.227
000000.735	014750.000	011600.000	000100.000	000136.000	000007.000	000253.000	000391.000	000117.000	000000.227
000000.741	014850.000	011680.000	000100.000	000135.000	000007.000	000251.000	000357.000	000116.000	000000.227
000000.662	014950.000	011760.000	000100.000	000151.000	000007.000	000267.000	000373.000	000116.000	000000.227
000000.714	015050.000	011840.000	000100.000	000140.000	000007.000	000261.000	000376.000	000121.000	000000.227
000000.680	015150.000	011920.000	000100.000	000147.000	000007.000	000264.000	000366.000	000117.000	000000.227
000000.709	015250.000	012000.000	000100.000	000141.000	000007.000	000258.000	000381.000	000117.000	000000.227
000000.610	015350.000	012080.000	000100.000	000164.000	000009.000	000283.000	000462.000	000119.000	000000.227
000000.680	015450.000	012160.000	000100.000	000147.000	000008.000	000266.000	000424.000	000119.000	000000.227
000000.719	015550.000	012240.000	000100.000	000139.000	000008.000	000255.000	000403.000	000116.000	000000.227
000000.662	015650.000	012320.000	000100.000	000151.000	000007.000	000269.000	000385.000	000118.000	000000.227
000000.641	015750.000	012400.000	000100.000	000156.000	000009.000	000275.000	000461.000	000119.000	000000.227
000000.676	015850.000	012480.000	000100.000	000148.000	000007.000	000265.000	000378.000	000117.000	000000.227
000000.709	015950.000	012560.000	000100.000	000141.000	000007.000	000251.000	000368.000	000110.000	000000.227
000000.676	016050.000	012640.000	000100.000	000148.000	000009.000	000273.000	000464.000	000125.000	000000.227
000000.704	016150.000	012720.000	000100.000	000142.000	000008.000	000258.000	000420.000	000116.000	000000.227
000000.680	016250.000	012800.000	000100.000	000147.000	000007.000	000261.000	000383.000	000114.000	000000.227
000000.637	016350.000	012880.000	000100.000	000157.000	000008.000	000279.000	000443.000	000122.000	000000.227
000000.654	016450.000	012960.000	000100.000	000153.000	000008.000	000271.000	000412.000	000118.000	000000.227
000000.610	016550.000	013040.000	000100.000	000164.000	000008.000	000282.000	000417.000	000118.000	000000.227
000000.645	016650.000	013120.000	000100.000	000155.000	000007.000	000274.000	000357.000	000119.000	000000.227
000000.654	016750.000	013200.000	000100.000	000153.000	000007.000	000263.000	000387.000	000110.000	000000.227
000000.617	016850.000	013280.000	000100.000	000162.000	000009.000	000282.000	000456.000	000120.000	000000.227
000000.671	016950.000	013360.000	000100.000	000149.000	000007.000	000269.000	000355.000	000120.000	000000.227
000000.662	017050.000	013440.000	000100.000	000151.000	000007.000	000264.000	000361.000	000113.000	000000.227
000000.649	017150.000	013520.000	000100.000	000154.000	000007.000	000265.000	000360.000	000111.000	000000.227
000000.709	017250.000	013600.000	000100.000	000141.000	000008.000	000258.000	000400.000	000117.000	000000.227
000000.662	017350.000	013680.000	000100.000	000151.000	000007.000	000258.000	000382.000	000107.000	000000.227
000000.625	017450.000	013760.000	000100.000	000160.000	000008.000	000279.000	000404.000	000119.000	000000.227
000000.637	017550.000	013840.000	000100.000	000157.000	000007.000	000277.000	000388.000	000120.000	000000.227
000000.637	017650.000	013920.000	000100.000	000157.000	000009.000	000274.000	000476.000	000117.000	000000.227
000000.676	017750.000	014000.000	000100.000	000148.000	000007.000	000264.000	000370.000	000116.000	000000.227
000000.680	017850.000	014080.000	000100.000	000147.000	000008.000	000270.000	000434.000	000123.000	000000.227
000000.633	017950.000	014160.000	000100.000	000158.000	000008.000	000277.000	000401.000	000119.000	000000.227
000000.637	018050.000	014240.000	000100.000	000157.000	000008.000	000276.000	000404.000	000119.000	000000.227
000000.685	018150.000	014320.000	000100.000	000146.000	000007.000	000258.000	000388.000	000112.000	000000.227
