0.276	850.000		960.000		1000.000	3622.000	343.000		5228.000	34341.000
0.259	950.000		1120.000	1000.000	3867.000	353.000		5402.000	35312.000
0.248	1050.000	1280.000	1000.000	4030.000	373.000		5580.000	37380.000
0.229	1150.000	1440.000	1000.000	4361.000	404.000		5909.000	40469.000
0.222	1250.000	1600.000	1000.000	4502.000	407.000		6003.000	40761.000
0.198	1350.000	1760.000	1000.000	5045.000	457.000		6615.000	45722.000
0.190	1450.000	1920.000	1000.000	5271.000	481.000		6780.000	48158.000
0.176	1550.000	2080.000	1000.000	5697.000	532.000		7274.000	53298.000
0.159	1650.000	2240.000	1000.000	6297.000	559.000		7896.000	55927.000
0.157	1750.000	2400.000	1000.000	6362.000	585.000		7947.000	58566.000
0.155	1850.000	2560.000	1000.000	6464.000	580.000		8026.000	58083.000
0.136	1950.000	2720.000	1000.000	7349.000	664.000		8874.000	66468.000
0.123	2050.000	2880.000	1000.000	8105.000	741.000		9683.000	74201.000
0.122	2150.000	3040.000	1000.000	8227.000	762.000		9814.000	76274.000
0.113	2250.000	3200.000	1000.000	8873.000	834.000		10513.000	83424.000
0.104	2350.000	3360.000	1000.000	9646.000	859.000		11272.000	85985.000
0.104	2450.000	3520.000	1000.000	9622.000	885.000		11168.000	88515.000
0.098	2550.000	3680.000	1000.000	10183.000	937.000		11757.000	93761.000
0.088	2650.000	3840.000	1000.000	11413.000	1057.000	13029.000	105751.000
0.084	2750.000	4000.000	1000.000	11890.000	1094.000	13523.000	109425.000
0.081	2850.000	4160.000	1000.000	12413.000	1136.000	14057.000	113614.000
0.078	2950.000	4320.000	1000.000	12871.000	1167.000	14472.000	116739.000
0.070	3050.000	4480.000	1000.000	14228.000	1298.000	15879.000	129849.000
0.067	3150.000	4640.000	1000.000	14845.000	1369.000	16525.000	136981.000
0.063	3250.000	4800.000	1000.000	15961.000	1467.000	17598.000	146758.000
0.067	3350.000	4960.000	1000.000	15009.000	1378.000	16660.000	137833.000
0.057	3450.000	5120.000	1000.000	17504.000	1589.000	19208.000	158921.000
0.053	3550.000	5280.000	1000.000	18790.000	1733.000	20475.000	173319.000
0.051	3650.000	5440.000	1000.000	19507.000	1788.000	21255.000	178819.000
0.049	3750.000	5600.000	1000.000	20330.000	1865.000	22015.000	186556.000
0.048	3850.000	5760.000	1000.000	20856.000	1920.000	22566.000	192046.000
0.043	3950.000	5920.000	1000.000	23087.000	2107.000	24814.000	210741.000
0.045	4050.000	6080.000	1000.000	22313.000	2077.000	24042.000	207716.000
0.042	4150.000	6240.000	1000.000	23867.000	2198.000	25607.000	219905.000
0.038	4250.000	6400.000	1000.000	26315.000	2422.000	28127.000	242261.000
0.038	4350.000	6560.000	1000.000	26401.000	2411.000	28192.000	241111.000
0.036	4450.000	6720.000	1000.000	27611.000	2520.000	29370.000	252075.000
0.031	4550.000	6880.000	1000.000	32308.000	2999.000	34193.000	299999.000
0.031	4650.000	7040.000	1000.000	31897.000	2926.000	33784.000	292635.000
0.030	4750.000	7200.000	1000.000	33639.000	3123.000	35547.000	312387.000
0.028	4850.000	7360.000	1000.000	35328.000	3256.000	37250.000	325634.000
0.026	4950.000	7520.000	1000.000	38203.000	3542.000	40165.000	354261.000
0.026	5050.000	7680.000	1000.000	38289.000	3541.000	40157.000	354185.000
0.025	5150.000	7840.000	1000.000	40130.000	3700.000	42104.000	370102.000
0.024	5250.000	8000.000	1000.000	42404.000	3873.000	44372.000	387373.000
0.022	5350.000	8160.000	1000.000	45616.000	4208.000	47671.000	420854.000
0.022	5450.000	8320.000	1000.000	45378.000	4180.000	47382.000	418096.000
0.022	5550.000	8480.000	1000.000	45324.000	4179.000	47432.000	417950.000
0.020	5650.000	8640.000	1000.000	50447.000	4699.000	52509.000	469985.000
0.021	5750.000	8800.000	1000.000	47059.000	4367.000	49047.000	436755.000
0.018	5850.000	8960.000	1000.000	56252.000	5208.000	58333.000	520834.000
0.017	5950.000	9120.000	1000.000	57311.000	5362.000	59436.000	536247.000
0.017	6050.000	9280.000	1000.000	59350.000	5479.000	61495.000	547945.000
0.016	6150.000	9440.000	1000.000	63921.000	5947.000	66180.000	594739.000
0.016	6250.000	9600.000	1000.000	63210.000	5807.000	65414.000	580734.000
0.015	6350.000	9760.000	1000.000	68143.000	6338.000	70408.000	633865.000
0.014	6450.000	9920.000	1000.000	71578.000	6606.000	73939.000	660668.000
0.015	6550.000	10080.000	1000.000	67612.000	6223.000	69824.000	622394.000
0.014	6650.000	10240.000	1000.000	72653.000	6723.000	74950.000	672375.000
0.013	6750.000	10400.000	1000.000	79147.000	7327.000	81557.000	732750.000
0.013	6850.000	10560.000	1000.000	77763.000	7244.000	80184.000	724512.000
0.012	6950.000	10720.000	1000.000	82663.000	7667.000	85129.000	766788.000
0.012	7050.000	10880.000	1000.000	80753.000	7488.000	83088.000	748829.000
0.012	7150.000	11040.000	1000.000	80835.000	7475.000	83204.000	747589.000
0.011	7250.000	11200.000	1000.000	89840.000	8304.000	92364.000	830489.000
0.010	7350.000	11360.000	1000.000	95519.000	8863.000	98087.000	886398.000
0.010	7450.000	11520.000	1000.000	95465.000	8866.000	97967.000	886631.000
0.011	7550.000	11680.000	1000.000	95136.000	8840.000	97696.000	884119.000
0.010	7650.000	11840.000	1000.000	99634.000	9238.000	102230.000	923862.000
0.010	7750.000	12000.000	1000.000	102419.000	9439.000	105040.000	943928.000
0.009	7850.000	12160.000	1000.000	110470.000	10215.000	113124.000	1021537.000
0.009	7950.000	12320.000	1000.000	110100.000	10196.000	112789.000	1019665.000
0.009	8050.000	12480.000	1000.000	116780.000	10814.000	119569.000	1081481.000
0.009	8150.000	12640.000	1000.000	117475.000	10834.000	120253.000	1083434.000
0.009	8250.000	12800.000	1000.000	112562.000	10419.000	115248.000	1042001.000
0.008	8350.000	12960.000	1000.000	123682.000	11404.000	126520.000	1140446.000
0.008	8450.000	13120.000	1000.000	129938.000	12013.000	132806.000	1201427.000
0.007	8550.000	13280.000	1000.000	137391.000	12717.000	140401.000	1271779.000
0.008	8650.000	13440.000	1000.000	126263.000	11703.000	129048.000	1170345.000
0.007	8750.000	13600.000	1000.000	142741.000	13181.000	145840.000	1318165.000
0.007	8850.000	13760.000	1000.000	139781.000	12924.000	142818.000	1292439.000
0.007	8950.000	13920.000	1000.000	135765.000	12509.000	138690.000	1250949.000
0.007	9050.000	14080.000	1000.000	150186.000	13842.000	153320.000	1384250.000
0.006	9150.000	14240.000	1000.000	156042.000	14284.000	159231.000	1428518.000
0.007	9250.000	14400.000	1000.000	149484.000	13850.000	153059.000	1385078.000
0.007	9350.000	14560.000	1000.000	153253.000	14165.000	157539.000	1416576.000
0.006	9450.000	14720.000	1000.000	159025.000	14706.000	163591.000	1470642.000
