0.273	850.000		960.000		1000.000	3664.000	330.000		5227.000	33089.000
0.257	950.000		1120.000	1000.000	3885.000	358.000		5450.000	35887.000
0.250	1050.000	1280.000	1000.000	4007.000	367.000		5561.000	36755.000
0.224	1150.000	1440.000	1000.000	4457.000	409.000		5995.000	40992.000
0.204	1250.000	1600.000	1000.000	4896.000	439.000		6457.000	43923.000
0.191	1350.000	1760.000	1000.000	5229.000	482.000		6825.000	48246.000
0.187	1450.000	1920.000	1000.000	5356.000	491.000		6866.000	49129.000
0.169	1550.000	2080.000	1000.000	5905.000	538.000		7433.000	53885.000
0.158	1650.000	2240.000	1000.000	6335.000	585.000		7904.000	58526.000
0.152	1750.000	2400.000	1000.000	6561.000	600.000		8089.000	60044.000
0.131	1850.000	2560.000	1000.000	7610.000	692.000		9203.000	69232.000
0.129	1950.000	2720.000	1000.000	7750.000	716.000		9385.000	71689.000
0.120	2050.000	2880.000	1000.000	8307.000	764.000		9929.000	76446.000
0.114	2150.000	3040.000	1000.000	8799.000	811.000		10407.000	81114.000
0.114	2250.000	3200.000	1000.000	8783.000	818.000		10355.000	81811.000
0.103	2350.000	3360.000	1000.000	9707.000	898.000		11291.000	89876.000
0.103	2450.000	3520.000	1000.000	9675.000	888.000		11233.000	88822.000
0.092	2550.000	3680.000	1000.000	10863.000	1004.000	12473.000	100476.000
0.089	2650.000	3840.000	1000.000	11283.000	1023.000	12872.000	102351.000
0.080	2750.000	4000.000	1000.000	12531.000	1140.000	14153.000	114072.000
0.078	2850.000	4160.000	1000.000	12824.000	1166.000	14482.000	116604.000
0.073	2950.000	4320.000	1000.000	13744.000	1261.000	15424.000	126171.000
0.069	3050.000	4480.000	1000.000	14391.000	1312.000	16031.000	131289.000
0.068	3150.000	4640.000	1000.000	14701.000	1354.000	16319.000	135406.000
0.062	3250.000	4800.000	1000.000	16103.000	1486.000	17769.000	148621.000
0.059	3350.000	4960.000	1000.000	16815.000	1556.000	18517.000	155614.000
0.057	3450.000	5120.000	1000.000	17557.000	1613.000	19262.000	161325.000
0.049	3550.000	5280.000	1000.000	20279.000	1872.000	22053.000	187250.000
0.052	3650.000	5440.000	1000.000	19209.000	1776.000	20929.000	177651.000
0.045	3750.000	5600.000	1000.000	22102.000	2050.000	23850.000	205016.000
0.047	3850.000	5760.000	1000.000	21186.000	1942.000	22903.000	194208.000
0.044	3950.000	5920.000	1000.000	22562.000	2067.000	24345.000	206713.000
0.042	4050.000	6080.000	1000.000	23835.000	2197.000	25561.000	219784.000
0.038	4150.000	6240.000	1000.000	26584.000	2426.000	28396.000	242653.000
0.038	4250.000	6400.000	1000.000	26553.000	2467.000	28362.000	246796.000
0.035	4350.000	6560.000	1000.000	28896.000	2668.000	30732.000	266821.000
0.033	4450.000	6720.000	1000.000	29878.000	2768.000	31733.000	276863.000
0.030	4550.000	6880.000	1000.000	32868.000	3051.000	34791.000	305123.000
0.030	4650.000	7040.000	1000.000	33108.000	3050.000	34971.000	305022.000
0.032	4750.000	7200.000	1000.000	31690.000	2926.000	33511.000	292687.000
0.030	4850.000	7360.000	1000.000	33740.000	3123.000	35629.000	312399.000
0.026	4950.000	7520.000	1000.000	38715.000	3606.000	40709.000	360665.000
0.025	5050.000	7680.000	1000.000	40577.000	3779.000	42551.000	377913.000
0.025	5150.000	7840.000	1000.000	40229.000	3705.000	42161.000	370580.000
0.023	5250.000	8000.000	1000.000	42789.000	3945.000	44817.000	394547.000
0.021	5350.000	8160.000	1000.000	46871.000	4327.000	48930.000	432805.000
0.023	5450.000	8320.000	1000.000	44051.000	4117.000	46042.000	411777.000
0.022	5550.000	8480.000	1000.000	45790.000	4257.000	47779.000	425793.000
0.019	5650.000	8640.000	1000.000	53133.000	4916.000	55230.000	491639.000
0.020	5750.000	8800.000	1000.000	49799.000	4604.000	51881.000	460460.000
0.020	5850.000	8960.000	1000.000	50660.000	4697.000	52744.000	469805.000
0.018	5950.000	9120.000	1000.000	55411.000	5160.000	57548.000	516024.000
0.017	6050.000	9280.000	1000.000	59411.000	5490.000	61618.000	549040.000
0.017	6150.000	9440.000	1000.000	60556.000	5616.000	62760.000	561703.000
0.015	6250.000	9600.000	1000.000	64971.000	6062.000	67221.000	606256.000
0.015	6350.000	9760.000	1000.000	65966.000	6168.000	68227.000	616915.000
0.014	6450.000	9920.000	1000.000	74029.000	6844.000	76377.000	684448.000
0.013	6550.000	10080.000	1000.000	74345.000	6892.000	76708.000	689289.000
0.013	6650.000	10240.000	1000.000	78364.000	7285.000	80785.000	728598.000
0.014	6750.000	10400.000	1000.000	71457.000	6598.000	73786.000	659832.000
0.013	6850.000	10560.000	1000.000	77358.000	7159.000	79732.000	715975.000
0.012	6950.000	10720.000	1000.000	86032.000	7982.000	88463.000	798229.000
0.012	7050.000	10880.000	1000.000	86167.000	8003.000	88633.000	800404.000
0.011	7150.000	11040.000	1000.000	94233.000	8762.000	96758.000	876255.000
0.011	7250.000	11200.000	1000.000	88110.000	8164.000	90582.000	816458.000
0.011	7350.000	11360.000	1000.000	93735.000	8696.000	96287.000	869657.000
0.011	7450.000	11520.000	1000.000	93584.000	8717.000	96104.000	871797.000
0.010	7550.000	11680.000	1000.000	101717.000	9410.000	104397.000	941023.000
0.009	7650.000	11840.000	1000.000	109265.000	10219.000	112032.000	1021976.000
0.009	7750.000	12000.000	1000.000	110257.000	10244.000	112944.000	1024454.000
0.009	7850.000	12160.000	1000.000	106587.000	9892.000	109230.000	989263.000
0.009	7950.000	12320.000	1000.000	112188.000	10438.000	114957.000	1043901.000
0.009	8050.000	12480.000	1000.000	107070.000	9963.000	109779.000	996373.000
0.008	8150.000	12640.000	1000.000	118003.000	10942.000	120719.000	1094261.000
0.008	8250.000	12800.000	1000.000	124940.000	11571.000	127828.000	1157221.000
0.008	8350.000	12960.000	1000.000	127123.000	11797.000	130091.000	1179824.000
0.008	8450.000	13120.000	1000.000	122382.000	11358.000	125212.000	1135861.000
0.007	8550.000	13280.000	1000.000	138502.000	12830.000	141573.000	1283120.000
0.007	8650.000	13440.000	1000.000	138461.000	12824.000	141523.000	1282455.000
0.007	8750.000	13600.000	1000.000	134181.000	12372.000	137067.000	1237270.000
0.007	8850.000	13760.000	1000.000	149707.000	13842.000	152937.000	1384236.000
0.007	8950.000	13920.000	1000.000	143735.000	13296.000	146793.000	1329670.000
0.007	9050.000	14080.000	1000.000	150831.000	13968.000	154030.000	1396838.000
0.006	9150.000	14240.000	1000.000	155776.000	14417.000	159008.000	1441809.000
0.007	9250.000	14400.000	1000.000	147713.000	13679.000	151213.000	1367989.000
0.006	9350.000	14560.000	1000.000	157074.000	14633.000	161367.000	1463339.000
0.006	9450.000	14720.000	1000.000	161737.000	15047.000	166370.000	1504775.000
