P	T(ns)		T(точки)	n		N		Exposition(ms)	Ch1		Ch2
0.291	850.000		960.000		1000.000	3433.000	63323.000	5053.000	30904.000
0.265	950.000		1120.000	1000.000	3772.000	337.000		5314.000	33731.000
0.248	1050.000	1280.000	1000.000	4038.000	370.000		5594.000	37047.000
0.225	1150.000	1440.000	1000.000	4438.000	400.000		5954.000	40032.000
0.214	1250.000	1600.000	1000.000	4671.000	423.000		6247.000	42309.000
0.209	1350.000	1760.000	1000.000	4783.000	437.000		6305.000	43731.000
0.181	1450.000	1920.000	1000.000	5517.000	506.000		7097.000	50627.000
0.168	1550.000	2080.000	1000.000	5951.000	554.000		7525.000	55501.000
0.157	1650.000	2240.000	1000.000	6357.000	566.000		7926.000	56672.000
0.154	1750.000	2400.000	1000.000	6475.000	593.000		8022.000	59373.000
0.142	1850.000	2560.000	1000.000	7033.000	653.000		8600.000	65376.000
0.134	1950.000	2720.000	1000.000	7466.000	698.000		9079.000	69884.000
0.122	2050.000	2880.000	1000.000	8213.000	755.000		9838.000	75520.000
0.122	2150.000	3040.000	1000.000	8218.000	746.000		9798.000	74635.000
0.112	2250.000	3200.000	1000.000	8963.000	820.000		10571.000	82057.000
0.102	2350.000	3360.000	1000.000	9757.000	888.000		11352.000	88830.000
0.096	2450.000	3520.000	1000.000	10393.000	949.000		11979.000	94915.000
0.094	2550.000	3680.000	1000.000	10647.000	982.000		12271.000	98298.000
0.091	2650.000	3840.000	1000.000	10970.000	992.000		12524.000	99232.000
0.083	2750.000	4000.000	1000.000	12084.000	1106.000	13698.000	110699.000
0.081	2850.000	4160.000	1000.000	12381.000	1147.000	14031.000	114734.000
0.070	2950.000	4320.000	1000.000	14239.000	1299.000	15910.000	129936.000
0.072	3050.000	4480.000	1000.000	13936.000	1282.000	15629.000	128253.000
0.070	3150.000	4640.000	1000.000	14371.000	1320.000	16014.000	132097.000
0.060	3250.000	4800.000	1000.000	16633.000	1532.000	18379.000	153287.000
0.058	3350.000	4960.000	1000.000	17380.000	1591.000	19082.000	159126.000
0.057	3450.000	5120.000	1000.000	17539.000	1629.000	19238.000	162911.000
0.053	3550.000	5280.000	1000.000	18858.000	1737.000	20602.000	173802.000
0.051	3650.000	5440.000	1000.000	19745.000	1794.000	21440.000	179475.000
0.049	3750.000	5600.000	1000.000	20305.000	1877.000	21996.000	187719.000
0.047	3850.000	5760.000	1000.000	21424.000	1968.000	23156.000	196856.000
0.045	3950.000	5920.000	1000.000	22195.000	2053.000	23906.000	205398.000
0.045	4050.000	6080.000	1000.000	22392.000	5701.000	24177.000	570174.000
0.041	4150.000	6240.000	1000.000	24545.000	2243.000	26305.000	224357.000
0.036	4250.000	6400.000	1000.000	27860.000	2567.000	29777.000	256800.000
0.035	4350.000	6560.000	1000.000	28586.000	2627.000	30403.000	262743.000
0.034	4450.000	6720.000	1000.000	29671.000	2759.000	31497.000	275935.000
0.030	4550.000	6880.000	1000.000	33641.000	3110.000	35530.000	311023.000
0.031	4650.000	7040.000	1000.000	32704.000	3023.000	34571.000	302344.000
0.029	4750.000	7200.000	1000.000	34345.000	3173.000	36263.000	317371.000
0.030	4850.000	7360.000	1000.000	33857.000	3145.000	35654.000	314588.000
0.026	4950.000	7520.000	1000.000	38814.000	3576.000	40739.000	357683.000
0.026	5050.000	7680.000	1000.000	38692.000	3578.000	40721.000	357809.000
0.024	5150.000	7840.000	1000.000	41126.000	3800.000	43159.000	380031.000
0.024	5250.000	8000.000	1000.000	41751.000	3865.000	43759.000	386529.000
0.023	5350.000	8160.000	1000.000	43849.000	4062.000	45871.000	406266.000
0.022	5450.000	8320.000	1000.000	45575.000	4223.000	47576.000	422317.000
0.020	5550.000	8480.000	1000.000	50200.000	4653.000	52323.000	465341.000
0.021	5650.000	8640.000	1000.000	47753.000	4430.000	49829.000	443060.000
0.019	5750.000	8800.000	1000.000	53475.000	4939.000	55619.000	493924.000
0.019	5850.000	8960.000	1000.000	52793.000	4881.000	54954.000	488150.000
0.017	5950.000	9120.000	1000.000	59092.000	5455.000	61240.000	545553.000
0.018	6050.000	9280.000	1000.000	54758.000	5080.000	56835.000	508053.000
0.016	6150.000	9440.000	1000.000	62195.000	5776.000	64348.000	577667.000
0.016	6250.000	9600.000	1000.000	62299.000	5758.000	64546.000	575898.000
0.016	6350.000	9760.000	1000.000	63379.000	5869.000	65603.000	587012.000
0.015	6450.000	9920.000	1000.000	68258.000	6341.000	70496.000	634188.000
0.015	6550.000	10080.000	1000.000	67575.000	6234.000	69833.000	623500.000
0.014	6650.000	10240.000	1000.000	72852.000	6764.000	75231.000	676438.000
0.014	6750.000	10400.000	1000.000	71820.000	6646.000	74441.000	664704.000
0.012	6850.000	10560.000	1000.000	82990.000	7698.000	85749.000	769846.000
0.012	6950.000	10720.000	1000.000	85501.000	7952.000	87964.000	795297.000
0.012	7050.000	10880.000	1000.000	81756.000	7576.000	84136.000	757665.000
0.011	7150.000	11040.000	1000.000	89644.000	8281.000	92192.000	828208.000
0.012	7250.000	11200.000	1000.000	85306.000	7926.000	87885.000	792678.000
0.011	7350.000	11360.000	1000.000	92075.000	8474.000	94600.000	847464.000
0.010	7450.000	11520.000	1000.000	95847.000	8870.000	98464.000	887075.000
0.010	7550.000	11680.000	1000.000	97421.000	8985.000	99991.000	898594.000
0.010	7650.000	11840.000	1000.000	100191.000	9241.000	102756.000	924151.000
0.010	7750.000	12000.000	1000.000	102450.000	9456.000	105056.000	945677.000
0.010	7850.000	12160.000	1000.000	104409.000	9724.000	107055.000	972470.000
0.009	7950.000	12320.000	1000.000	109250.000	10110.000	111925.000	1011077.000
0.009	8050.000	12480.000	1000.000	108216.000	10012.000	110838.000	1001268.000
0.008	8150.000	12640.000	1000.000	118971.000	10997.000	121803.000	1099770.000
0.008	8250.000	12800.000	1000.000	124600.000	11534.000	127497.000	1153470.000
0.009	8350.000	12960.000	1000.000	113315.000	10423.000	115999.000	1042358.000
0.009	8450.000	13120.000	1000.000	114368.000	10535.000	117402.000	1053544.000
0.008	8550.000	13280.000	1000.000	127011.000	11723.000	129852.000	1172384.000
0.008	8650.000	13440.000	1000.000	126998.000	11730.000	129757.000	1173076.000
0.008	8750.000	13600.000	1000.000	128638.000	11881.000	131520.000	1188188.000
0.007	8850.000	13760.000	1000.000	134909.000	12456.000	137927.000	1245651.000
0.007	8950.000	13920.000	1000.000	134352.000	12386.000	137192.000	1238704.000
0.007	9050.000	14080.000	1000.000	142248.000	13170.000	145316.000	1317078.000
0.007	9150.000	14240.000	1000.000	148679.000	13630.000	151782.000	1363054.000
0.007	9250.000	14400.000	1000.000	142801.000	13135.000	146189.000	1313541.000
0.006	9350.000	14560.000	1000.000	155057.000	14335.000	159445.000	1433622.000
0.007	9450.000	14720.000	1000.000	150775.000	13952.000	155221.000	1395285.000
