P	T(ns)		T(точки)	n		N		Exposition(ms)	Ch1		Ch2
0.281	850.000		960.000		1000.000	3560.000	319.000		5149.000	31948.000
0.264	950.000		1120.000	1000.000	3786.000	347.000		5332.000	34752.000
0.242	1050.000	1280.000	1000.000	4130.000	371.000		5664.000	37114.000
0.241	1150.000	1440.000	1000.000	4156.000	387.000		5653.000	38750.000
0.212	1250.000	1600.000	1000.000	4719.000	436.000		6267.000	43696.000
0.193	1350.000	1760.000	1000.000	5182.000	471.000		6735.000	47150.000
0.192	1450.000	1920.000	1000.000	5205.000	476.000		6737.000	47694.000
0.188	1550.000	2080.000	1000.000	5315.000	499.000		6824.000	49970.000
0.156	1650.000	2240.000	1000.000	6399.000	579.000		7977.000	57972.000
0.146	1750.000	2400.000	1000.000	6856.000	617.000		8411.000	61725.000
0.142	1850.000	2560.000	1000.000	7037.000	633.000		8619.000	63394.000
0.127	1950.000	2720.000	1000.000	7885.000	731.000		9498.000	73134.000
0.130	2050.000	2880.000	1000.000	7710.000	707.000		9273.000	70716.000
0.118	2150.000	3040.000	1000.000	8508.000	795.000		10061.000	79595.000
0.112	2250.000	3200.000	1000.000	8935.000	816.000		10529.000	81697.000
0.106	2350.000	3360.000	1000.000	9454.000	860.000		11035.000	86008.000
0.099	2450.000	3520.000	1000.000	10126.000	922.000		11691.000	92251.000
0.094	2550.000	3680.000	1000.000	10660.000	972.000		12269.000	97220.000
0.083	2650.000	3840.000	1000.000	12033.000	1105.000	13714.000	110560.000
0.083	2750.000	4000.000	1000.000	12007.000	1113.000	13641.000	111306.000
0.080	2850.000	4160.000	1000.000	12519.000	1126.000	14139.000	112670.000
0.071	2950.000	4320.000	1000.000	14054.000	1317.000	15739.000	131745.000
0.066	3050.000	4480.000	1000.000	15165.000	1405.000	16821.000	140527.000
0.068	3150.000	4640.000	1000.000	14622.000	1346.000	16279.000	134683.000
0.060	3250.000	4800.000	1000.000	16562.000	1513.000	18226.000	151391.000
0.057	3350.000	4960.000	1000.000	17420.000	1620.000	19191.000	162080.000
0.055	3450.000	5120.000	1000.000	18198.000	1676.000	19969.000	167607.000
0.054	3550.000	5280.000	1000.000	18409.000	1700.000	20095.000	170103.000
0.050	3650.000	5440.000	1000.000	19873.000	1845.000	21576.000	184545.000
0.047	3750.000	5600.000	1000.000	21504.000	1981.000	23248.000	198131.000
0.048	3850.000	5760.000	1000.000	20914.000	1967.000	22683.000	196739.000
0.043	3950.000	5920.000	1000.000	23496.000	2173.000	25276.000	217376.000
0.040	4050.000	6080.000	1000.000	25174.000	2307.000	26955.000	230784.000
0.038	4150.000	6240.000	1000.000	26468.000	2452.000	28268.000	245283.000
0.037	4250.000	6400.000	1000.000	27326.000	2505.000	29141.000	250592.000
0.033	4350.000	6560.000	1000.000	29994.000	2756.000	31868.000	275698.000
0.033	4450.000	6720.000	1000.000	30408.000	2824.000	32257.000	282486.000
0.033	4550.000	6880.000	1000.000	30055.000	2772.000	31904.000	277237.000
0.030	4650.000	7040.000	1000.000	33132.000	3056.000	35001.000	305651.000
0.029	4750.000	7200.000	1000.000	34674.000	3208.000	36538.000	320897.000
0.028	4850.000	7360.000	1000.000	35201.000	3253.000	37153.000	325377.000
0.024	4950.000	7520.000	1000.000	41412.000	3848.000	43404.000	384824.000
0.026	5050.000	7680.000	1000.000	38727.000	3555.000	40689.000	355513.000
0.024	5150.000	7840.000	1000.000	42018.000	3909.000	44001.000	390917.000
0.022	5250.000	8000.000	1000.000	45442.000	4201.000	47454.000	420125.000
0.023	5350.000	8160.000	1000.000	44162.000	4091.000	46159.000	409190.000
0.022	5450.000	8320.000	1000.000	46359.000	4295.000	48403.000	429608.000
0.021	5550.000	8480.000	1000.000	47194.000	4363.000	49272.000	436321.000
0.018	5650.000	8640.000	1000.000	54059.000	5034.000	56202.000	503420.000
0.019	5750.000	8800.000	1000.000	52400.000	4854.000	54548.000	485417.000
0.018	5850.000	8960.000	1000.000	54446.000	5085.000	56512.000	508592.000
0.017	5950.000	9120.000	1000.000	58330.000	5418.000	60472.000	541877.000
0.017	6050.000	9280.000	1000.000	59165.000	5509.000	61274.000	550958.000
0.017	6150.000	9440.000	1000.000	60409.000	5650.000	62612.000	565044.000
0.015	6250.000	9600.000	1000.000	68471.000	6326.000	70693.000	632667.000
0.016	6350.000	9760.000	1000.000	64275.000	5967.000	66458.000	596772.000
0.015	6450.000	9920.000	1000.000	66791.000	6189.000	69077.000	618950.000
0.014	6550.000	10080.000	1000.000	69999.000	6542.000	72258.000	654250.000
0.013	6650.000	10240.000	1000.000	79598.000	7422.000	82070.000	742251.000
0.013	6750.000	10400.000	1000.000	75599.000	7052.000	77873.000	705233.000
0.012	6850.000	10560.000	1000.000	82444.000	7641.000	84893.000	764151.000
0.012	6950.000	10720.000	1000.000	85155.000	7924.000	87654.000	792486.000
0.012	7050.000	10880.000	1000.000	81105.000	7533.000	83462.000	753415.000
0.012	7150.000	11040.000	1000.000	83894.000	7786.000	86391.000	778668.000
0.011	7250.000	11200.000	1000.000	94847.000	8819.000	97488.000	881925.000
0.011	7350.000	11360.000	1000.000	94511.000	8752.000	97180.000	875231.000
0.010	7450.000	11520.000	1000.000	99568.000	9266.000	102188.000	926644.000
0.010	7550.000	11680.000	1000.000	100644.000	9373.000	103282.000	937340.000
0.010	7650.000	11840.000	1000.000	100614.000	9360.000	103219.000	936082.000
0.009	7750.000	12000.000	1000.000	109610.000	10201.000	112325.000	1020163.000
0.009	7850.000	12160.000	1000.000	108749.000	10174.000	111516.000	1017448.000
0.008	7950.000	12320.000	1000.000	117830.000	10937.000	120661.000	1093754.000
0.008	8050.000	12480.000	1000.000	122232.000	11224.000	125177.000	1122445.000
0.009	8150.000	12640.000	1000.000	111230.000	10230.000	113965.000	1023090.000
0.009	8250.000	12800.000	1000.000	113928.000	10468.000	116667.000	1046834.000
0.008	8350.000	12960.000	1000.000	125683.000	11525.000	128610.000	1152572.000
0.008	8450.000	13120.000	1000.000	120527.000	11129.000	123345.000	1113001.000
0.008	8550.000	13280.000	1000.000	128380.000	11788.000	131249.000	1178877.000
0.008	8650.000	13440.000	1000.000	131060.000	12037.000	133952.000	1203785.000
0.007	8750.000	13600.000	1000.000	140404.000	12875.000	143465.000	1287553.000
0.007	8850.000	13760.000	1000.000	134817.000	12380.000	137766.000	1238080.000
0.007	8950.000	13920.000	1000.000	141866.000	13053.000	144890.000	1305356.000
0.007	9050.000	14080.000	1000.000	146963.000	13473.000	149993.000	1347419.000
0.007	9150.000	14240.000	1000.000	153047.000	14010.000	156191.000	1401048.000
0.007	9250.000	14400.000	1000.000	147843.000	13627.000	151423.000	1362812.000
0.007	9350.000	14560.000	1000.000	145053.000	13371.000	149337.000	1337151.000
0.006	9450.000	14720.000	1000.000	154814.000	14299.000	159254.000	1429939.000
