0.02268841881689551
0.019497406218416776
0.017559707442148697
0.017696395413630966
0.01507687730247991
0.013350527869359785
0.014091471067371825
0.013271330791596569
0.01309968842274447
0.010648461670764593
0.010412595474154497
0.010683681018968313
0.011254610031370278
0.009034243690183004
0.008935182020187152
0.008855689443088016
0.00805275509385611
0.008116540196192895
0.007407758492554806
0.007290112018278168
0.007647836586061155
0.006493710148115378
0.006820712257718597
0.006491781980753841
0.005913874404013165
0.006069028217976751
0.00640838145783634
0.0053227773328246054
0.004657199580891737
0.005825230675510714
0.0049335896361896794
0.0051046942377722644
0.004662025464333649
0.004418252030656033
0.004303480663812338
0.004647687395374598
0.003975729699621351
0.0043054511400280335
0.003949236478722381
0.003721936571797852
0.003558870662585142
0.003460175592812153
0.003872374299778059
0.0029398494901903345
0.0031895877011977303
0.003121992740792976
0.003097567336379206
0.0029992558063335496
0.003072834673188234
0.002866901965007074
0.003069450260845777
0.002968685929503763
0.0028054816552684583
0.0027502253974876867
0.0027400284528633708
0.0025258866777694198
0.002461611336333332
0.0023917587474180098
0.0022334178298607037
0.002294818880792264
0.0023167976677959073
0.002331603368556075
0.002275421647488921
0.0021060091321788536
0.0018828630046005053
0.0018030124815960017
0.0020300332320866113
0.0019373890613833056
0.0021021037018597224
0.0020268170781346023
0.0019288939272987535
0.0019443870698316204
0.0017215409780540383
0.0018272004238978773
0.0017468873861571806
0.0017511944558376011
0.0016617223468343649
0.001662227070833397
0.001713788969813278
0.001534526968120927
0.001655324062339452
0.0018201509866568805
0.001673199605385968
0.0017404715491922457
0.0013843114136224421
0.0014668252998717825
0.001536280745233741
0.0014589788000809742
0.0015632318016076457
0.0014755022082581493
0.0015252838205933646
0.001469417850988824
0.0014163662098227285
0.0013917457445625262
0.0013489358508417496
0.0013986775161934735
0.0013655763288597212
0.0014038061849423198
0.0013975158202256834
0.0014007980392310544
0.0013732233541902316
0.0012848438127236784
0.0013254502494117295
0.0012694686659669673
0.0013512636034928676
0.001280441522747707
0.0012888068946735418
0.0012526012361525937
0.0012945141028472846
0.0012369112139925338
0.001232743910798497
0.0012242713885851403
0.0012828805122195605
0.0012057352236033497
0.0011727863318624309
0.0011847959020317349
0.00111838595800123
0.0012215694224773565
0.0011139443288229094
0.0012294529596043088
0.0012239499817118728
0.0011523017789672478
0.0011851003623881103
0.001135879297929669
0.0011602806447741502
0.0011773844356871418
0.0011388216447154968
0.0011524188660778248
0.0011335993059624838
0.0011162152562147014
0.0011709148834357355
0.00110253879721708
0.0012093295637864467
0.0010991210909409332
0.0011251419671807423
0.0011116594256486102
0.0011250814670807827
0.0010245208332647832
0.0011257743394418413
0.000998732357976083
0.001068726789954154
0.0010698079340989899
0.0010714092312378368
0.001099437610295095
0.0010216188195537308
0.0010794205235384663
0.0010679021468692187
0.001064165563027346
0.0010209794365868292
0.0010515214323807236
0.0009818873510509321
0.001046998052040681
0.0010599509558723791
0.001006671758937013
0.0010158422470485638
0.0010354975062304894
0.0010727170520095756
0.001032930614805815
0.000979099369811108
0.0010179104893860466
0.001050079036847548
0.001025274662584655
0.0009706653074614248
0.000990715959421556
0.000984211406738311
0.0010048822901226305
0.0009996753586815647
0.0010040403641034623
0.0009821946383823522
0.0010378457715028732
0.0009426350037188154
0.0009859796881609257
0.0009893898691704399
0.0010051314367292051
