1.18649115301556
1.0147629884030211
0.9213997151641403
0.9165421901142893
0.7670094533103701
0.708069531661836
0.7198829129425072
0.6775901594871049
0.6784254362368858
0.5448263397821053
0.5892073167306828
0.5387544420510251
0.5646974551109656
0.46737015904179596
0.4522649766092837
0.4586393732535665
0.39775410629143626
0.4104940243702558
0.37707223848294746
0.37962806352428036
0.3952092339963636
0.33239594588590043
0.35050587156090973
0.33292790040821896
0.29953919883857916
0.31913289079139395
0.3228039470938316
0.2711080620650604
0.2398941231592495
0.3016100466284923
0.255744718716746
0.2664383512986426
0.24066870393960138
0.22779596692360296
0.21941900417684626
0.24041607165092635
0.20178662057773578
0.21936745377275374
0.20201782608650745
0.19222237347992965
0.1834369476664925
0.17858137753047712
0.19978090498686035
0.1695275996318376
0.1625931989905159
0.16203359017693988
0.1599605546230971
0.1537781207007695
0.1576188015364534
0.14766767848035298
0.1566394673686588
0.15225495890075236
0.14315825877386462
0.1410626916250771
0.13919114483405898
0.12906429987650214
0.1260454278584363
0.12196613283551513
0.11559299065125367
0.118711192524123
0.11968616149964814
0.11948713632341841
0.11552100142880212
0.10793826639948803
0.09675109413025901
0.11032573253101591
0.10455879824051155
0.0999741054373726
0.1091955128773541
0.10334950627595348
0.10024270398527785
0.10015273266553587
0.08865558247244573
0.09455616857246767
0.08968999186271522
0.09014557882119839
0.08557474382605519
0.08595342241231452
0.08817022386455357
0.07934271432335815
0.08514625899816403
0.09357185315257793
0.08629008314867423
0.08959909104234032
0.08388645555165576
0.07555850590447878
0.07908314459819744
0.0752278531735728
0.08114981941775457
0.07550559385829786
0.0788311044659171
0.07559534819353818
0.07297046893094898
0.07188105526788252
0.06998475441613707
0.07242356811825704
0.0705508930633949
0.07242634108752528
0.07247595303722194
0.07210715957192146
0.07151021346131772
0.06624339684266638
0.06860156057241414
0.06544874887464344
0.06949457117136479
0.06642519889836684
0.06666738386111323
0.06486501847291827
0.06702855679524362
0.06392514457609202
0.06376327494063312
0.06360854659477413
0.06621540436511407
0.062357142285068355
0.06080019460532729
0.06166859971283922
0.0688017905826293
0.06321097654076031
0.0576245834733726
0.06355949397598051
0.06335599163483643
0.059401213394106485
0.06155653803019148
0.05889063011648164
0.05993431627748072
0.06119863503015437
0.059043398803831686
0.059450179834566894
0.05860321372980257
0.057765130080329574
0.06024532759779685
0.056915541139219164
0.06257537625080214
0.05682849690216352
0.0580025494222974
0.05748055108532686
0.05818167793326227
0.05302448685132254
0.05812720158067111
0.051914526608599
0.05517477260811543
0.05551766812975728
0.05544780615502238
0.05708210950532565
0.05285652650020883
0.056054371141485065
0.05535780827918202
0.0552592708832339
0.052882520672017826
0.05441154165439291
0.05099586154333491
0.054173121045274136
0.05487943242895812
0.0520743379234069
0.0527268553597548
0.05346302605504093
0.05571797961972791
0.053489030072354796
0.05072920528139479
0.05289142506929245
0.05434568049983017
0.05311069802957282
0.05028403591772008
0.05128209570370265
0.05091492921432321
0.05202315753327151
0.05175146230936425
0.051699399045426586
0.05088491076642162
0.05395643520448946
0.048680810887012385
0.0509868216127545
0.051398619467555445
0.05199610008670504
