         P           T(ns)       T(points)             N11         N10+N11  Exposition(ms)             Ch1             Ch2         N01+N11            Temp
0.052671889515133866	850.000	480.000	107.000	1920.000	1000.000	2174.000	50002.000	254.000	0.183
0.04878627531852366	950.000	560.000	100.000	1946.000	1000.000	2171.000	50001.000	225.000	0.184
0.041528528146983934	1050.000	640.000	85.000	1928.000	1000.000	2136.000	50001.000	208.000	0.184
0.040644469046445066	1150.000	720.000	85.000	1974.000	1000.000	2175.000	50001.000	201.000	0.184
0.03434160668107032	1250.000	800.000	73.000	2011.000	1000.000	2178.000	50001.000	167.000	0.184
0.042639830353050044	1350.000	880.000	87.000	1940.000	1000.000	2133.000	50001.000	193.000	0.184
0.031880696490055024	1450.000	960.000	69.000	2044.000	1000.000	2203.000	50002.000	159.000	0.184
0.033304598599418304	1550.000	1040.000	67.000	1898.000	1000.000	2061.000	50001.000	163.000	0.184
0.035207933505620105	1650.000	1120.000	70.000	1890.000	1000.000	2048.000	50001.000	158.000	0.184
0.029238282666262574	1750.000	1200.000	59.000	1917.000	1000.000	2050.000	50001.000	133.000	0.184
0.028655868665340894	1850.000	1280.000	59.000	1962.000	1000.000	2089.000	50002.000	127.000	0.184
0.03109602698074569	1950.000	1360.000	64.000	1961.000	1000.000	2099.000	50001.000	138.000	0.184
0.02555233668901645	2050.000	1440.000	51.000	1903.000	1000.000	2014.000	50001.000	111.000	0.184
0.02461685850260053	2150.000	1520.000	49.000	1893.000	1000.000	2003.000	50001.000	110.000	0.184
0.02529250804032506	2250.000	1600.000	52.000	1970.000	1000.000	2075.000	50002.000	105.000	0.184
0.019016360361215883	2350.000	1680.000	38.000	1862.000	1000.000	1967.000	50001.000	105.000	0.184
0.019114896697410566	2450.000	1760.000	39.000	1943.000	1000.000	2028.000	50002.000	85.000	0.184
0.0189555973636643	2550.000	1840.000	39.000	1975.000	1000.000	2052.000	50001.000	77.000	0.184
0.01175862021245781	2650.000	1920.000	23.000	1827.000	1000.000	1890.000	50001.000	63.000	0.183
0.010825430852862293	2750.000	2000.000	23.000	1952.000	1000.000	2021.000	50001.000	69.000	0.184
0.02090508965802021	2850.000	2080.000	43.000	1941.000	1000.000	2044.000	50001.000	103.000	0.184
0.016755388576228228	2950.000	2160.000	35.000	1969.000	1000.000	2053.000	50002.000	84.000	0.184
0.01586356366126986	3050.000	2240.000	34.000	2049.000	1000.000	2118.000	50001.000	69.000	0.184
0.014030467959941869	3150.000	2320.000	28.000	1908.000	1000.000	1967.000	50001.000	59.000	0.184
0.008565619474133737	3250.000	2400.000	18.000	1907.000	1000.000	1967.000	50001.000	60.000	0.184
0.014355430159522472	3350.000	2480.000	29.000	1920.000	1000.000	1985.000	50001.000	65.000	0.184
0.014355037761122801	3450.000	2560.000	29.000	1928.000	1000.000	1990.000	50001.000	62.000	0.183
0.00930302847676258	3550.000	2640.000	19.000	1918.000	1000.000	1966.000	50001.000	48.000	0.184
0.010358849397030917	3650.000	2720.000	21.000	1923.000	1000.000	1971.000	50001.000	48.000	0.184
0.009943042038157365	3750.000	2800.000	21.000	1964.000	1000.000	2021.000	50001.000	57.000	0.184
0.010499562697615619	3850.000	2880.000	22.000	1963.000	1000.000	2019.000	50001.000	56.000	0.184
0.009133058728144017	3950.000	2960.000	19.000	1939.000	1000.000	1990.000	50001.000	51.000	0.183
0.007597058591626879	4050.000	3040.000	16.000	2007.000	1000.000	2041.000	50002.000	34.000	0.183
0.005363247454245632	4150.000	3120.000	12.000	1997.000	1000.000	2040.000	50002.000	43.000	0.183
0.006078510951740403	4250.000	3200.000	13.000	1910.000	1000.000	1958.000	50002.000	48.000	0.183
0.009194548825252837	4350.000	3280.000	18.000	1857.000	1000.000	1899.000	50001.000	42.000	0.184
0.00625076241267422	4450.000	3360.000	13.000	1956.000	1000.000	1988.000	50002.000	32.000	0.184
0.00873515344064711	4550.000	3440.000	18.000	1919.000	1000.000	1968.000	50001.000	49.000	0.184
0.0042607018053963126	4650.000	3520.000	9.000	1933.000	1000.000	1961.000	50001.000	28.000	0.184
0.008890207736908778	4750.000	3600.000	19.000	2046.000	1000.000	2084.000	50001.000	38.000	0.184
0.003968929724078322	4850.000	3680.000	8.000	1878.000	1000.000	1900.000	50001.000	22.000	0.184
0.0012448051081256648	4950.000	3760.000	3.000	1927.000	1000.000	1945.000	50001.000	18.000	0.184
0.0044135194554886	5050.000	3840.000	9.000	1913.000	1000.000	1936.000	50001.000	23.000	0.184
0.0032287891653091315	5150.000	3920.000	7.000	1899.000	1000.000	1928.000	50001.000	29.000	0.184
0.004758646855727133	5250.000	4000.000	10.000	1956.000	1000.000	1983.000	50002.000	27.000	0.183
0.007399048503008526	5350.000	4080.000	15.000	1940.000	1000.000	1971.000	50001.000	31.000	0.183
0.006757488065319667	5450.000	4160.000	13.000	1823.000	1000.000	1854.000	50001.000	31.000	0.183
0.003915963429375781	5550.000	4240.000	8.000	1911.000	1000.000	1932.000	50001.000	21.000	0.184
0.0037305339741812217	5650.000	4320.000	8.000	1989.000	1000.000	2011.000	50002.000	22.000	0.184
0.0028869905020773405	5750.000	4400.000	6.000	1888.000	1000.000	1908.000	50002.000	20.000	0.183
0.003690365351251922	5850.000	4480.000	8.000	2009.000	1000.000	2031.000	50001.000	22.000	0.184
0.00586565255520817	5950.000	4560.000	12.000	1949.000	1000.000	1975.000	50001.000	26.000	0.184
0.001674452115162979	6050.000	4640.000	4.000	1972.000	1000.000	1993.000	50002.000	21.000	0.184
0.003168842818316978	6150.000	4720.000	7.000	1987.000	1000.000	2011.000	50002.000	24.000	0.183
0.0023809274549784565	6250.000	4800.000	5.000	1886.000	1000.000	1904.000	50001.000	18.000	0.184
0.005267005925882878	6350.000	4880.000	11.000	1957.000	1000.000	1985.000	50001.000	28.000	0.184
0.0013023057686215253	6450.000	4960.000	3.000	1986.000	1000.000	1999.000	50001.000	13.000	0.184
0.003737043483177255	6550.000	5040.000	8.000	2017.000	1000.000	2036.000	50001.000	19.000	0.184
0.0016262122730889166	6650.000	5120.000	4.000	2041.000	1000.000	2061.000	50001.000	20.000	0.184
0.0034094540043330527	6750.000	5200.000	7.000	1924.000	1000.000	1942.000	50001.000	18.000	0.184
0.0029865893655069754	6850.000	5280.000	6.000	1903.000	1000.000	1917.000	50001.000	14.000	0.184
0.002736495183951277	6950.000	5360.000	6.000	1968.000	1000.000	1989.000	50001.000	21.000	0.184
0.0029701220678579067	7050.000	5440.000	6.000	1888.000	1000.000	1904.000	50001.000	16.000	0.184
0.0003194516832574139	7150.000	5520.000	1.000	1973.000	1000.000	1983.000	50001.000	10.000	0.184
0.0017444499474206844	7250.000	5600.000	4.000	1852.000	1000.000	1876.000	50001.000	24.000	0.184
0.0022524467043793083	7350.000	5680.000	5.000	1934.000	1000.000	1955.000	50001.000	21.000	0.184
0.0013519538030824056	7450.000	5760.000	3.000	1949.000	1000.000	1961.000	50001.000	12.000	0.184
0.0007801330399719195	7550.000	5840.000	2.000	1904.000	1000.000	1919.000	50001.000	15.000	0.184
0.00030739933427913343	7650.000	5920.000	1.000	1940.000	1000.000	1951.000	50002.000	11.000	0.184
0.0018826836265847466	7750.000	6000.000	4.000	1952.000	1000.000	1964.000	50001.000	12.000	0.184
0.0017860230468936887	7850.000	6080.000	4.000	1985.000	1000.000	2000.000	50001.000	15.000	0.184
0.0014087200351588648	7950.000	6160.000	3.000	1880.000	1000.000	1892.000	50002.000	12.000	0.184
0.0013056667063107452	8050.000	6240.000	3.000	1879.000	1000.000	1896.000	50001.000	17.000	0.184
0.0017476158778315933	8150.000	6320.000	4.000	1942.000	1000.000	1961.000	50001.000	19.000	0.184
0.0019422861782251615	8250.000	6400.000	4.000	1897.000	1000.000	1909.000	50001.000	12.000	0.184
0.001398548495209324	8350.000	6480.000	3.000	1892.000	1000.000	1904.000	50001.000	12.000	0.184
0.00030444544863121207	8450.000	6560.000	1.000	1951.000	1000.000	1962.000	50002.000	11.000	0.184
0.002399418120414944	8550.000	6640.000	5.000	1933.000	1000.000	1947.000	50001.000	14.000	0.184
0.0008243545621449553	8650.000	6720.000	2.000	2018.000	1000.000	2028.000	50001.000	10.000	0.184
0.0007988448487906168	8750.000	6800.000	2.000	1946.000	1000.000	1959.000	50001.000	13.000	0.183
0.0023907529315520663	8850.000	6880.000	5.000	1924.000	1000.000	1939.000	50001.000	15.000	0.184
0.0012459798975242463	8950.000	6960.000	3.000	1978.000	1000.000	1994.000	50001.000	16.000	0.184
0.0014833970695303622	9050.000	7040.000	3.000	1915.000	1000.000	1922.000	50002.000	7.000	0.184
0.0018075168861423957	9150.000	7120.000	4.000	1925.000	1000.000	1942.000	50001.000	17.000	0.184
0.00027431271832880814	9250.000	7200.000	1.000	1909.000	1000.000	1922.000	50001.000	13.000	0.184
0.0014185507305212056	9350.000	7280.000	3.000	1918.000	1000.000	1928.000	50002.000	10.000	0.184
0.0014128417914011857	9450.000	7360.000	3.000	1925.000	1000.000	1935.000	50002.000	10.000	0.184
0.0007587903207630992	9550.000	7440.000	2.000	1905.000	1000.000	1921.000	50002.000	16.000	0.184
-0.00014555435415453713	9650.000	7520.000	0.000	1909.000	1000.000	1916.000	50001.000	7.000	0.184
0.0014129542189596572	9750.000	7600.000	3.000	1783.000	1000.000	1799.000	50002.000	16.000	0.184
-6.08198515995621e-05	9850.000	7680.000	0.000	675.000	1000.000	678.000	50001.000	3.000	0.184
0.0008456089016658682	9950.000	7760.000	2.000	1862.000	1000.000	1875.000	50001.000	13.000	0.184
0.0014406566872574116	10050.000	7840.000	3.000	1867.000	1000.000	1878.000	50002.000	11.000	0.184
0.0014725059587372108	10150.000	7920.000	3.000	1903.000	1000.000	1911.000	50002.000	8.000	0.184
0.0008802177236363138	10250.000	8000.000	2.000	1911.000	1000.000	1921.000	50001.000	10.000	0.184
-0.00018709851776396483	10350.000	8080.000	0.000	1898.000	1000.000	1907.000	50001.000	9.000	0.184
0.00022965802499948004	10450.000	8160.000	1.000	1920.000	1000.000	1935.000	50001.000	15.000	0.184
0.0008419512680675395	10550.000	8240.000	2.000	1905.000	1000.000	1917.000	50001.000	12.000	0.184
0.00032128751859299826	10650.000	8320.000	1.000	1966.000	1000.000	1976.000	50002.000	10.000	0.184
0.0008404677242771409	10750.000	8400.000	2.000	1946.000	1000.000	1957.000	50002.000	11.000	0.184
0.0018722046237533941	10850.000	8480.000	4.000	1962.000	1000.000	1974.000	50001.000	12.000	0.184
0.0003491584230639149	10950.000	8560.000	1.000	2020.000	1000.000	2028.000	50001.000	8.000	0.184
-0.0002079477635218033	11050.000	8640.000	0.000	1912.000	1000.000	1922.000	50001.000	10.000	0.184
-0.00029127829560585887	11150.000	8720.000	0.000	1938.000	1000.000	1952.000	50002.000	14.000	0.184
0.001412566741328257	11250.000	8800.000	3.000	1978.000	1000.000	1986.000	50001.000	8.000	0.184
0.00027627691912769555	11350.000	8880.000	1.000	1902.000	1000.000	1915.000	50001.000	13.000	0.184
0.0009517975545002982	11450.000	8960.000	2.000	1858.000	1000.000	1866.000	50001.000	8.000	0.184
0.00034713130573507987	11550.000	9040.000	1.000	1947.000	1000.000	1956.000	50001.000	9.000	0.184
0.00045050622743477375	11650.000	9120.000	1.000	1874.000	1000.000	1879.000	50002.000	5.000	0.184
-0.00020766706815633176	11750.000	9200.000	0.000	1847.000	1000.000	1857.000	50001.000	10.000	0.184
0.0007464809533678008	11850.000	9280.000	2.000	2007.000	1000.000	2021.000	50001.000	14.000	0.184
-0.00022873302696970328	11950.000	9360.000	0.000	1910.000	1000.000	1921.000	50001.000	11.000	0.184
-0.0002497034771209189	12050.000	9440.000	0.000	1944.000	1000.000	1956.000	50001.000	12.000	0.184
0.0009295680970964665	12150.000	9520.000	2.000	1935.000	1000.000	1942.000	50001.000	7.000	0.184
0.0003631818121141968	12250.000	9600.000	1.000	1965.000	1000.000	1973.000	50001.000	8.000	0.184
-0.000145724040303106	12350.000	9680.000	0.000	1965.000	1000.000	1972.000	50001.000	7.000	0.184
0.0009344174390028561	12450.000	9760.000	2.000	1926.000	1000.000	1933.000	50001.000	7.000	0.184
0.0003605605963161198	12550.000	9840.000	1.000	1898.000	1000.000	1907.000	50001.000	9.000	0.184
-0.00014548779980878748	12650.000	9920.000	0.000	1887.000	1000.000	1894.000	50001.000	7.000	0.184
0.0007607259507490767	12750.000	10000.000	2.000	1979.000	1000.000	1993.000	50001.000	14.000	0.184
0.0003551838600646768	12850.000	10080.000	1.000	1996.000	1000.000	2004.000	50001.000	8.000	0.184
0.0018907184836130671	12950.000	10160.000	4.000	1925.000	1000.000	1938.000	50001.000	13.000	0.184
0.000885757687441012	13050.000	10240.000	2.000	1901.000	1000.000	1911.000	50001.000	10.000	0.184
0.0004467144094767474	13150.000	10320.000	1.000	1964.000	1000.000	1968.000	50002.000	4.000	0.184
-0.0002285381866533699	13250.000	10400.000	0.000	1869.000	1000.000	1880.000	50001.000	11.000	0.184
0.0014117981843802473	13350.000	10480.000	3.000	1979.000	1000.000	1987.000	50001.000	8.000	0.184
-0.0002494543186778921	13450.000	10560.000	0.000	1896.000	1000.000	1908.000	50001.000	12.000	0.184
0.0004533116813321247	13550.000	10640.000	1.000	1939.000	1000.000	1943.000	50002.000	4.000	0.184
-0.00014551804423748544	13650.000	10720.000	0.000	1897.000	1000.000	1904.000	50001.000	7.000	0.184
0.00031120247925181803	13750.000	10800.000	1.000	1926.000	1000.000	1937.000	50001.000	11.000	0.184
0.0008415289765214507	13850.000	10880.000	2.000	1944.000	1000.000	1955.000	50001.000	11.000	0.184
0.0014210194480818662	13950.000	10960.000	3.000	1890.000	1000.000	1901.000	50001.000	11.000	0.184
0.0009149606110052037	14050.000	11040.000	2.000	1886.000	1000.000	1895.000	50001.000	9.000	0.184
0.00021362279548059688	14150.000	11120.000	1.000	1903.000	1000.000	1919.000	50001.000	16.000	0.184
0.0009546776603851452	14250.000	11200.000	2.000	1927.000	1000.000	1933.000	50001.000	6.000	0.184
-0.0002493143854400399	14350.000	11280.000	0.000	1869.000	1000.000	1881.000	50001.000	12.000	0.184
0.0003951645358885084	14450.000	11360.000	1.000	1850.000	1000.000	1858.000	50001.000	8.000	0.184
0.0019596421719332677	14550.000	11440.000	4.000	1958.000	1000.000	1966.000	50001.000	8.000	0.184
0.00033855155490515967	14650.000	11520.000	1.000	1831.000	1000.000	1842.000	50001.000	11.000	0.184
0.000290676126436173	14750.000	11600.000	1.000	1925.000	1000.000	1937.000	50001.000	12.000	0.184
0.0008813211032965583	14850.000	11680.000	2.000	1909.000	1000.000	1919.000	50001.000	10.000	0.184
0.00039222820598899333	14950.000	11760.000	1.000	1860.000	1000.000	1868.000	50001.000	8.000	0.184
-0.00016629250852249106	15050.000	11840.000	0.000	1893.000	1000.000	1901.000	50001.000	8.000	0.184
-0.00020799966720053248	15150.000	11920.000	0.000	1924.000	1000.000	1934.000	50001.000	10.000	0.184
0.0009973602402257033	15250.000	12000.000	2.000	1925.000	1000.000	1929.000	50001.000	4.000	0.184
-0.0002079564123359744	15350.000	12080.000	0.000	1914.000	1000.000	1924.000	50001.000	10.000	0.184
0.0003993507338441623	15450.000	12160.000	1.000	1908.000	1000.000	1915.000	50001.000	7.000	0.184
-0.00016632708220716037	15550.000	12240.000	0.000	1904.000	1000.000	1912.000	50002.000	8.000	0.184
-0.0001872620211814153	15650.000	12320.000	0.000	1941.000	1000.000	1950.000	50002.000	9.000	0.184
-0.00018715298716962298	15750.000	12400.000	0.000	1912.000	1000.000	1921.000	50001.000	9.000	0.184
0.0003215502723436096	15850.000	12480.000	1.000	1965.000	1000.000	1975.000	50002.000	10.000	0.184
0.0008705701645961391	15950.000	12560.000	2.000	1891.000	1000.000	1902.000	50001.000	11.000	0.184
0.0009958452559936629	16050.000	12640.000	2.000	1890.000	1000.000	1895.000	50001.000	5.000	0.184
-0.00012462871030056291	16150.000	12720.000	0.000	1858.000	1000.000	1864.000	50001.000	6.000	0.184
-4.1565351123303616e-05	16250.000	12800.000	0.000	1884.000	1000.000	1886.000	50001.000	2.000	0.184
0.0009056121298718736	16350.000	12880.000	2.000	1866.000	1000.000	1876.000	50001.000	10.000	0.184
0.00044483512191858306	16450.000	12960.000	1.000	1894.000	1000.000	1899.000	50001.000	5.000	0.184
0.00026175350361594467	16550.000	13040.000	1.000	1955.000	1000.000	1968.000	50002.000	13.000	0.184
0.0009196099807687901	16650.000	13120.000	2.000	1915.000	1000.000	1923.000	50001.000	8.000	0.184
0.00035825055575075223	16750.000	13200.000	1.000	1984.000	1000.000	1992.000	50001.000	8.000	0.184
0.001878624248983163	16850.000	13280.000	4.000	1917.000	1000.000	1931.000	50001.000	14.000	0.184
0.00197719898682072	16950.000	13360.000	4.000	1903.000	1000.000	1913.000	50001.000	10.000	0.184
0.0008028887910488291	17050.000	13440.000	2.000	1978.000	1000.000	1990.000	50001.000	12.000	0.184
0.0003495476686333192	17150.000	13520.000	1.000	1938.000	1000.000	1947.000	50001.000	9.000	0.184
-0.00016646205705487006	17250.000	13600.000	0.000	1943.000	1000.000	1951.000	50002.000	8.000	0.184
0.0002948271824543805	17350.000	13680.000	1.000	1910.000	1000.000	1922.000	50001.000	12.000	0.184
-8.3236224404861e-05	17450.000	13760.000	0.000	1945.000	1000.000	1949.000	50001.000	4.000	0.184
0.00038478547596998945	17550.000	13840.000	1.000	1962.000	1000.000	1969.000	50001.000	7.000	0.184
-0.00012498958420131655	17650.000	13920.000	0.000	1997.000	1000.000	2003.000	50001.000	6.000	0.184
-0.00010406043830256613	17750.000	14000.000	0.000	1952.000	1000.000	1957.000	50001.000	5.000	0.184
0.0009482354135141756	17850.000	14080.000	2.000	1939.000	1000.000	1945.000	50002.000	6.000	0.184
0.0007666212251932634	17950.000	14160.000	2.000	1855.000	1000.000	1872.000	50002.000	17.000	0.184
0.00045762349639558495	18050.000	14240.000	1.000	1923.000	1000.000	1927.000	50002.000	4.000	0.184
0.0004305882329425151	18150.000	14320.000	1.000	1871.000	1000.000	1877.000	50001.000	6.000	0.184
