0.2652024646398593	000850.000	000480.000	000100.000	000358.000	000066.000	000500.000	003331.000	000142.000	000000.226
0.2400055460553681	000950.000	000560.000	000100.000	000385.000	000069.000	000546.000	003476.000	000161.000	000000.226
0.287176857180846	001050.000	000640.000	000100.000	000327.000	000058.000	000475.000	002903.000	000148.000	000000.226
0.1960447069448437	001150.000	000720.000	000100.000	000483.000	000087.000	000626.000	004394.000	000143.000	000000.226
0.21888909620928182	001250.000	000800.000	000100.000	000429.000	000077.000	000578.000	003877.000	000149.000	000000.226
0.19637079632157162	001350.000	000880.000	000100.000	000478.000	000084.000	000626.000	004218.000	000148.000	000000.226
0.21623209696622453	001450.000	000960.000	000100.000	000457.000	000233.000	000586.000	011670.000	000129.000	000000.226
0.13706651501594333	001550.000	001040.000	000100.000	000669.000	000116.000	000833.000	005826.000	000164.000	000000.226
0.18511559593589497	001650.000	001120.000	000100.000	000523.000	000095.000	000649.000	004793.000	000126.000	000000.226
0.1597685921215333	001750.000	001200.000	000100.000	000592.000	000103.000	000734.000	005182.000	000142.000	000000.226
0.131834656788679	001850.000	001280.000	000100.000	000713.000	000130.000	000862.000	006534.000	000149.000	000000.226
0.12452569095641144	001950.000	001360.000	000100.000	000749.000	000130.000	000901.000	006536.000	000152.000	000000.226
0.13970281217731806	002050.000	001440.000	000100.000	000673.000	000121.000	000821.000	006075.000	000148.000	000000.226
0.15268315586163092	002150.000	001520.000	000100.000	000622.000	000106.000	000760.000	005320.000	000138.000	000000.226
0.11916538121049919	002250.000	001600.000	000100.000	000785.000	000139.000	000936.000	006987.000	000151.000	000000.226
0.11289144409169381	002350.000	001680.000	000100.000	000819.000	000144.000	000978.000	007226.000	000159.000	000000.226
0.09677283523613557	002450.000	001760.000	000100.000	000973.000	000172.000	001119.000	008637.000	000146.000	000000.226
0.08662465568859873	002550.000	001840.000	000100.000	001083.000	000182.000	001229.000	009137.000	000146.000	000000.226
0.0917694184771663	002650.000	001920.000	000100.000	001031.000	000189.000	001175.000	009454.000	000144.000	000000.226
0.09053242923928852	002750.000	002000.000	000100.000	001046.000	000182.000	001187.000	009133.000	000141.000	000000.226
0.08273094527897956	002850.000	002080.000	000100.000	001122.000	000197.000	001278.000	009878.000	000156.000	000000.226
0.08867348136107234	002950.000	002160.000	000100.000	001068.000	000186.000	001209.000	009335.000	000141.000	000000.226
0.06333420647731242	003050.000	002240.000	000100.000	001490.000	000257.000	001633.000	012866.000	000143.000	000000.226
0.05991493475894119	003150.000	002320.000	000100.000	001501.000	000259.000	001678.000	012981.000	000177.000	000000.226
0.07098200457748441	003250.000	002400.000	000100.000	001317.000	000236.000	001469.000	011826.000	000152.000	000000.226
0.06362628575411286	003350.000	002480.000	000100.000	001468.000	000260.000	001620.000	013040.000	000152.000	000000.226
0.05364045391302455	003450.000	002560.000	000100.000	001746.000	000321.000	001898.000	016058.000	000152.000	000000.226
0.0475007790444032	003550.000	002640.000	000100.000	001924.000	000342.000	002092.000	017122.000	000168.000	000000.226
0.04659630705532374	003650.000	002720.000	000100.000	001958.000	000338.000	002125.000	016926.000	000167.000	000000.226
0.052093119247542695	003750.000	002800.000	000100.000	001758.000	000302.000	001922.000	015120.000	000164.000	000000.226
0.043032520718073466	003850.000	002880.000	000100.000	002106.000	000374.000	002280.000	018732.000	000174.000	000000.226
0.04513238568297921	003950.000	002960.000	000100.000	002037.000	000364.000	002201.000	018201.000	000164.000	000000.226
0.038611396714496864	004050.000	003040.000	000100.000	002370.000	000421.000	002537.000	021071.000	000167.000	000000.226
0.041153154625694674	004150.000	003120.000	000100.000	002240.000	000394.000	002401.000	019720.000	000161.000	000000.226
0.046035806419798424	004250.000	003200.000	000100.000	002033.000	000357.000	002183.000	017893.000	000150.000	000000.226
0.03429485407965139	004350.000	003280.000	000100.000	002673.000	000477.000	002839.000	023852.000	000166.000	000000.226
0.039242447878720346	004450.000	003360.000	000100.000	002349.000	000419.000	002511.000	020974.000	000162.000	000000.226
0.037685218343249435	004550.000	003440.000	000100.000	002458.000	000429.000	002615.000	021469.000	000157.000	000000.226
0.03386717229684511	004650.000	003520.000	000100.000	002728.000	000491.000	002889.000	024594.000	000161.000	000000.226
0.0333082274754798	004750.000	003600.000	000100.000	002803.000	000495.000	002955.000	024764.000	000152.000	000000.226
0.031969501671593334	004850.000	003680.000	000100.000	002862.000	000501.000	003028.000	025076.000	000166.000	000000.226
0.03136669880194248	004950.000	003760.000	000100.000	002937.000	000528.000	003100.000	026430.000	000163.000	000000.226
0.024040911294760776	005050.000	003840.000	000100.000	003712.000	000674.000	003899.000	033725.000	000187.000	000000.226
0.023858638948561793	005150.000	003920.000	000100.000	003867.000	000676.000	004027.000	033849.000	000160.000	000000.226
0.02492146078276541	005250.000	004000.000	000100.000	003653.000	000643.000	003823.000	032186.000	000170.000	000000.226
0.01863340549081776	005350.000	004080.000	000100.000	004708.000	000838.000	004905.000	041915.000	000197.000	000000.226
0.016472497035296067	005450.000	004160.000	000100.000	005321.000	000942.000	005518.000	047114.000	000197.000	000000.226
0.021556485188350603	005550.000	004240.000	000100.000	004257.000	000746.000	004421.000	037345.000	000164.000	000000.226
0.01929090260912725	005650.000	004320.000	000100.000	004567.000	000820.000	004762.000	041031.000	000195.000	000000.226
0.021490897012000944	005750.000	004400.000	000100.000	004142.000	000731.000	004328.000	036570.000	000186.000	000000.226
0.019767766556594155	005850.000	004480.000	000100.000	004609.000	000797.000	004777.000	039862.000	000168.000	000000.226
0.019510991303162053	005950.000	004560.000	000100.000	004577.000	000793.000	004759.000	039659.000	000182.000	000000.226
0.016113946022270356	006050.000	004640.000	000100.000	005500.000	000980.000	005690.000	049023.000	000190.000	000000.226
0.016744300412216168	006150.000	004720.000	000100.000	005373.000	000921.000	005549.000	046074.000	000176.000	000000.226
0.014091887688194058	006250.000	004800.000	000100.000	006182.000	001092.000	006383.000	054644.000	000201.000	000000.226
0.01623625399707732	006350.000	004880.000	000100.000	005543.000	000986.000	005722.000	049322.000	000179.000	000000.226
0.018239526458131348	006450.000	004960.000	000100.000	005000.000	000883.000	005169.000	044194.000	000169.000	000000.226
0.014227571214387882	006550.000	005040.000	000100.000	006176.000	001070.000	006369.000	053525.000	000193.000	000000.226
0.013563659456148429	006650.000	005120.000	000100.000	006525.000	001152.000	006715.000	057603.000	000190.000	000000.226
0.01124308355924899	006750.000	005200.000	000100.000	007621.000	001334.000	007832.000	066709.000	000211.000	000000.226
0.011162500610312464	006850.000	005280.000	000100.000	007716.000	001367.000	007925.000	068353.000	000209.000	000000.226
0.011580014586305651	006950.000	005360.000	000100.000	007474.000	001316.000	007679.000	065817.000	000205.000	000000.226
0.013239206962972417	007050.000	005440.000	000100.000	006728.000	001193.000	006914.000	059682.000	000186.000	000000.226
0.013181680186469527	007150.000	005520.000	000100.000	006763.000	001207.000	006949.000	060357.000	000186.000	000000.226
0.013849664241356682	007250.000	005600.000	000100.000	006484.000	001146.000	006664.000	057345.000	000180.000	000000.226
0.011083708053913809	007350.000	005680.000	000100.000	007795.000	001370.000	008001.000	068539.000	000206.000	000000.226
0.011895062971344227	007450.000	005760.000	000100.000	007454.000	001332.000	007644.000	066643.000	000190.000	000000.226
0.011122379861800041	007550.000	005840.000	000100.000	007890.000	001394.000	008086.000	069750.000	000196.000	000000.226
0.009945526583548307	007650.000	005920.000	000100.000	008575.000	001523.000	008791.000	076163.000	000216.000	000000.226
0.009084392623077302	007750.000	006000.000	000100.000	009494.000	001722.000	009705.000	086121.000	000211.000	000000.226
0.009593839468831194	007850.000	006080.000	000100.000	008915.000	001545.000	009126.000	077298.000	000211.000	000000.226
0.008489289007169184	007950.000	006160.000	000100.000	009967.000	001766.000	010188.000	088344.000	000221.000	000000.226
0.007901492778962243	008050.000	006240.000	000100.000	010628.000	001897.000	010855.000	094867.000	000227.000	000000.226
0.007411098932227824	008150.000	006320.000	000100.000	011297.000	002002.000	011525.000	100136.000	000228.000	000000.226
0.008931594072141941	008250.000	006400.000	000100.000	009435.000	001700.000	009661.000	085009.000	000226.000	000000.226
0.007123306886358254	008350.000	006480.000	000100.000	011853.000	002079.000	012074.000	103982.000	000221.000	000000.226
0.007464128563749915	008450.000	006560.000	000100.000	011212.000	001928.000	011436.000	096442.000	000224.000	000000.226
0.008227930507732793	008550.000	006640.000	000100.000	010309.000	001809.000	010527.000	090454.000	000218.000	000000.226
0.007384555173924093	008650.000	006720.000	000100.000	011244.000	002000.000	011478.000	100040.000	000234.000	000000.226
0.006776632197348525	008750.000	006800.000	000100.000	012469.000	002195.000	012690.000	109794.000	000221.000	000000.226
0.007534776658970371	008850.000	006880.000	000100.000	011189.000	001977.000	011412.000	098885.000	000223.000	000000.226
0.006280619882908434	008950.000	006960.000	000100.000	013111.000	002356.000	013352.000	117822.000	000241.000	000000.226
0.006913997662327121	009050.000	007040.000	000100.000	012469.000	002220.000	012678.000	111032.000	000209.000	000000.226
0.006179364438437343	009150.000	007120.000	000100.000	013013.000	002306.000	013267.000	115321.000	000254.000	000000.226
0.005165282079421526	009250.000	007200.000	000100.000	014851.000	002630.000	015134.000	131540.000	000283.000	000000.226
0.006096728664403539	009350.000	007280.000	000100.000	013544.000	002400.000	013781.000	120025.000	000237.000	000000.226
0.005677956550590646	009450.000	007360.000	000100.000	014371.000	002520.000	014614.000	126046.000	000243.000	000000.226
0.006338900050932584	009550.000	007440.000	000100.000	013462.000	002398.000	013678.000	119941.000	000216.000	000000.226
0.00561481209678035	009650.000	007520.000	000100.000	014749.000	002594.000	014983.000	129740.000	000234.000	000000.226
0.005109798398192958	009750.000	007600.000	000100.000	015645.000	002777.000	015903.000	138888.000	000258.000	000000.226
0.005462016136549231	009850.000	007680.000	000100.000	014463.000	002575.000	014729.000	128774.000	000266.000	000000.226
0.004153335605942422	009950.000	007760.000	000100.000	018494.000	003272.000	018776.000	163650.000	000282.000	000000.226
0.005782307560354059	010050.000	007840.000	000100.000	013983.000	002455.000	014232.000	122803.000	000249.000	000000.226
0.005246057194072265	010150.000	007920.000	000100.000	015511.000	002758.000	015758.000	137911.000	000247.000	000000.226
0.0037631759336804135	010250.000	008000.000	000100.000	019336.000	003439.000	019651.000	171978.000	000315.000	000000.226
0.004774809036216597	010350.000	008080.000	000100.000	016716.000	002984.000	016976.000	149223.000	000260.000	000000.226
0.0040003462465814646	010450.000	008160.000	000100.000	019256.000	003386.000	019535.000	169318.000	000279.000	000000.226
0.004491152234885672	010550.000	008240.000	000100.000	017755.000	003159.000	018015.000	157975.000	000260.000	000000.226
0.004314685634393594	010650.000	008320.000	000100.000	018887.000	003336.000	019132.000	166852.000	000245.000	000000.226
0.003736630782532976	010750.000	008400.000	000100.000	019934.000	003508.000	020233.000	175412.000	000299.000	000000.226
0.005083801830569669	010850.000	008480.000	000100.000	015817.000	002803.000	016071.000	140160.000	000254.000	000000.226
0.00387259961378173	010950.000	008560.000	000100.000	019208.000	003383.000	019508.000	169182.000	000300.000	000000.226
0.003026693023699116	011050.000	008640.000	000100.000	023464.000	004128.000	023790.000	206437.000	000326.000	000000.226
0.005191790804255211	011150.000	008720.000	000100.000	015801.000	002796.000	016042.000	139820.000	000241.000	000000.226
0.0035940895570397923	011250.000	008800.000	000100.000	020501.000	003588.000	020805.000	179414.000	000304.000	000000.226
0.004764653773638884	011350.000	008880.000	000100.000	016634.000	002962.000	016898.000	148136.000	000264.000	000000.226
0.003742804098730775	011450.000	008960.000	000100.000	020867.000	003714.000	021140.000	185715.000	000273.000	000000.226
0.003234724714606209	011550.000	009040.000	000100.000	022919.000	004056.000	023222.000	202809.000	000303.000	000000.226
0.0037246176778822477	011650.000	009120.000	000100.000	020792.000	003678.000	021069.000	183937.000	000277.000	000000.226
0.004119505189291569	011750.000	009200.000	000100.000	018573.000	003297.000	018858.000	164858.000	000285.000	000000.226
0.004336879736520709	011850.000	009280.000	000100.000	018426.000	003266.000	018684.000	163349.000	000258.000	000000.226
0.0037226985361249717	011950.000	009360.000	000100.000	020919.000	003689.000	021192.000	184490.000	000273.000	000000.226
0.0028466541512424406	012050.000	009440.000	000100.000	025157.000	004455.000	025480.000	222785.000	000323.000	000000.226
0.0035518063941733175	012150.000	009520.000	000100.000	021413.000	003772.000	021700.000	188638.000	000287.000	000000.226
0.0037197997577357433	012250.000	009600.000	000100.000	021588.000	003785.000	021841.000	189277.000	000253.000	000000.226
0.003027832767165067	012350.000	009680.000	000100.000	024756.000	004370.000	025052.000	218510.000	000296.000	000000.226
0.0028691714168743243	012450.000	009760.000	000100.000	025263.000	004453.000	025578.000	222658.000	000315.000	000000.226
0.0031811072338217114	012550.000	009840.000	000100.000	023735.000	004214.000	024028.000	210736.000	000293.000	000000.226
0.0025533358628375344	012650.000	009920.000	000100.000	026993.000	004743.000	027335.000	237185.000	000342.000	000000.226
0.003113936326993465	012750.000	010000.000	000100.000	023552.000	004163.000	023861.000	208183.000	000309.000	000000.226
0.0033235961877259106	012850.000	010080.000	000100.000	022450.000	004021.000	022752.000	201093.000	000302.000	000000.226
0.003313890503871286	012950.000	010160.000	000100.000	022411.000	003949.000	022712.000	197467.000	000301.000	000000.226
0.0025957343201462838	013050.000	010240.000	000100.000	027828.000	004966.000	028148.000	248320.000	000320.000	000000.226
0.0026974006978431613	013150.000	010320.000	000100.000	027027.000	004789.000	027340.000	239474.000	000313.000	000000.226
0.003241335511667778	013250.000	010400.000	000100.000	023479.000	004163.000	023767.000	208193.000	000288.000	000000.226
0.0023802352482714968	013350.000	010480.000	000100.000	029419.000	005181.000	029753.000	259072.000	000334.000	000000.226
0.0026037041815944553	013450.000	010560.000	000100.000	027586.000	004879.000	027907.000	243972.000	000321.000	000000.226
0.002117558638207029	013550.000	010640.000	000100.000	030578.000	005434.000	030956.000	271737.000	000378.000	000000.226
0.003680391119535781	013650.000	010720.000	000100.000	021526.000	003808.000	021789.000	190411.000	000263.000	000000.226
0.002664289305497692	013750.000	010800.000	000100.000	027243.000	004837.000	027559.000	241874.000	000316.000	000000.226
0.0025886911631371307	013850.000	010880.000	000100.000	028205.000	005037.000	028519.000	251872.000	000314.000	000000.226
0.0025011624766266226	013950.000	010960.000	000100.000	028742.000	005093.000	029063.000	254698.000	000321.000	000000.226
0.0023810163317811647	014050.000	011040.000	000100.000	029786.000	005266.000	030114.000	263329.000	000328.000	000000.226
0.0025061873274303276	014150.000	011120.000	000100.000	029048.000	005194.000	029364.000	259721.000	000316.000	000000.226
0.00273874380816274	014250.000	011200.000	000100.000	027163.000	004849.000	027466.000	242494.000	000303.000	000000.226
0.0024206684446003274	014350.000	011280.000	000100.000	028113.000	004979.000	028464.000	248985.000	000351.000	000000.226
0.002533758572604577	014450.000	011360.000	000100.000	028740.000	005079.000	029053.000	253967.000	000313.000	000000.226
0.0025514365659644717	014550.000	011440.000	000100.000	027723.000	004930.000	028054.000	246540.000	000331.000	000000.226
0.002820678420769741	014650.000	011520.000	000100.000	026089.000	004591.000	026395.000	229575.000	000306.000	000000.226
0.0020660205404433338	014750.000	011600.000	000100.000	031929.000	005666.000	032297.000	283353.000	000368.000	000000.226
0.002327710311659948	014850.000	011680.000	000100.000	029724.000	005282.000	030067.000	264150.000	000343.000	000000.226
0.002598319634146057	014950.000	011760.000	000100.000	028150.000	005006.000	028462.000	250354.000	000312.000	000000.226
0.002332011847836225	015050.000	011840.000	000100.000	030429.000	005365.000	030756.000	268293.000	000327.000	000000.226
0.0019613202916466317	015150.000	011920.000	000100.000	034460.000	006111.000	034815.000	305565.000	000355.000	000000.226
0.0020267387661786268	015250.000	012000.000	000100.000	033147.000	005894.000	033506.000	294730.000	000359.000	000000.226
0.002192534091223478	015350.000	012080.000	000100.000	031323.000	005546.000	031669.000	277321.000	000346.000	000000.226
0.0019183965142862847	015450.000	012160.000	000100.000	034729.000	006188.000	035093.000	309431.000	000364.000	000000.226
0.0019921060244495184	015550.000	012240.000	000100.000	033011.000	005808.000	033378.000	290438.000	000367.000	000000.226
0.0017002787017583838	015650.000	012320.000	000100.000	038925.000	006901.000	039291.000	345107.000	000366.000	000000.226
0.002004249747385899	015750.000	012400.000	000100.000	032116.000	005671.000	032495.000	283589.000	000379.000	000000.226
0.0025824006109805755	015850.000	012480.000	000100.000	029214.000	005152.000	029506.000	257618.000	000292.000	000000.226
0.0018218493950940625	015950.000	012560.000	000100.000	036175.000	006452.000	036545.000	322650.000	000370.000	000000.226
0.00195311270243523	016050.000	012640.000	000100.000	034426.000	006089.000	034783.000	304478.000	000357.000	000000.226
0.0017505245218639325	016150.000	012720.000	000100.000	035912.000	006346.000	036303.000	317327.000	000391.000	000000.226
0.0019550564550071246	016250.000	012800.000	000100.000	033832.000	005972.000	034197.000	298640.000	000365.000	000000.226
0.0015721315057731708	016350.000	012880.000	000100.000	039576.000	007013.000	039973.000	350684.000	000397.000	000000.226
0.0022696573650323316	016450.000	012960.000	000100.000	029831.000	005289.000	030185.000	264460.000	000354.000	000000.226
0.0016888695515689088	016550.000	013040.000	000100.000	037216.000	006615.000	037609.000	330760.000	000393.000	000000.226
0.0019673341283409957	016650.000	013120.000	000100.000	034169.000	006041.000	034526.000	302074.000	000357.000	000000.226
0.0020225131847244264	016750.000	013200.000	000100.000	033630.000	005972.000	033982.000	298608.000	000352.000	000000.226
0.0015301041948311324	016850.000	013280.000	000100.000	039367.000	006945.000	039778.000	347259.000	000411.000	000000.226
0.001983714708032479	016950.000	013360.000	000100.000	039077.000	019552.000	039717.000	977660.000	000640.000	000000.226
0.0016994093510021996	017050.000	013440.000	000100.000	037972.000	006732.000	038351.000	336652.000	000379.000	000000.226
0.0015009981966710333	017150.000	013520.000	000100.000	039621.000	007009.000	040039.000	350497.000	000418.000	000000.226
0.0014513484338099867	017250.000	013600.000	000100.000	041111.000	007223.000	041525.000	361163.000	000414.000	000000.226
0.0019051053420917647	017350.000	013680.000	000100.000	035365.000	006256.000	035721.000	312857.000	000356.000	000000.226
0.0016384206378163959	017450.000	013760.000	000100.000	038153.000	006787.000	038549.000	339393.000	000396.000	000000.226
0.001601436077581512	017550.000	013840.000	000100.000	038409.000	006795.000	038811.000	339770.000	000402.000	000000.226
0.0014920952779049557	017650.000	013920.000	000100.000	040809.000	007264.000	041218.000	363240.000	000409.000	000000.226
0.001491671956616362	017750.000	014000.000	000100.000	041461.000	007370.000	041862.000	368552.000	000401.000	000000.226
0.0014904908643564834	017850.000	014080.000	000100.000	040780.000	007220.000	041188.000	361049.000	000408.000	000000.226
0.0018397444934932828	017950.000	014160.000	000100.000	037372.000	006679.000	037720.000	334003.000	000348.000	000000.226
0.0014335429762576302	018050.000	014240.000	000100.000	042086.000	007461.000	042498.000	373105.000	000412.000	000000.226
0.0015806581336242716	018150.000	014320.000	000100.000	040209.000	007159.000	040597.000	357968.000	000388.000	000000.226
