P	T(ns)		T(точки)	n		N		Exposition(ms)	Ch1		Ch2		SS
0.267	850.000		960.000		1000.000	3744.000	337.000		5364.000	33708.000	1620.000
0.270	950.000		1120.000	1000.000	3698.000	339.000		5226.000	33966.000	1528.000
0.237	1050.000	1280.000	1000.000	4224.000	372.000		5762.000	37213.000	1538.000
0.242	1150.000	1440.000	1000.000	4127.000	377.000		5627.000	37787.000	1500.000
0.231	1250.000	1600.000	1000.000	4324.000	392.000		5808.000	39240.000	1484.000
0.210	1350.000	1760.000	1000.000	4756.000	421.000		6256.000	42134.000	1500.000
0.199	1450.000	1920.000	1000.000	5015.000	446.000		6504.000	44697.000	1489.000
0.171	1550.000	2080.000	1000.000	5831.000	523.000		7419.000	52359.000	1588.000
0.167	1650.000	2240.000	1000.000	5979.000	534.000		7553.000	53434.000	1574.000
0.162	1750.000	2400.000	1000.000	6172.000	553.000		7681.000	55398.000	1509.000
0.142	1850.000	2560.000	1000.000	7067.000	642.000		8679.000	64234.000	1612.000
0.145	1950.000	2720.000	1000.000	6920.000	622.000		8428.000	62259.000	1508.000
0.130	2050.000	2880.000	1000.000	7680.000	689.000		9268.000	68985.000	1588.000
0.127	2150.000	3040.000	1000.000	7881.000	717.000		9451.000	71799.000	1570.000
0.120	2250.000	3200.000	1000.000	8317.000	744.000		9869.000	74438.000	1552.000
0.111	2350.000	3360.000	1000.000	9002.000	822.000		10605.000	82208.000	1603.000
0.103	2450.000	3520.000	1000.000	9749.000	884.000		11299.000	88434.000	1550.000
0.104	2550.000	3680.000	1000.000	9602.000	868.000		11188.000	86854.000	1586.000
0.093	2650.000	3840.000	1000.000	10731.000	969.000		12368.000	96960.000	1637.000
0.090	2750.000	4000.000	1000.000	11154.000	1005.000	12735.000	100552.000	1581.000
0.083	2850.000	4160.000	1000.000	12073.000	1089.000	13725.000	108908.000	1652.000
0.082	2950.000	4320.000	1000.000	12214.000	1098.000	13832.000	109876.000	1618.000
0.081	3050.000	4480.000	1000.000	12272.000	1108.000	13878.000	110817.000	1606.000
0.072	3150.000	4640.000	1000.000	13843.000	1254.000	15460.000	125443.000	1617.000
0.071	3250.000	4800.000	1000.000	14113.000	1274.000	15716.000	127463.000	1603.000
0.066	3350.000	4960.000	1000.000	15166.000	1383.000	16826.000	138402.000	1660.000
0.063	3450.000	5120.000	1000.000	15780.000	1446.000	17403.000	144650.000	1623.000
0.059	3550.000	5280.000	1000.000	16958.000	1548.000	18624.000	154885.000	1666.000
0.055	3650.000	5440.000	1000.000	18246.000	1647.000	19934.000	164709.000	1688.000
0.055	3750.000	5600.000	1000.000	18108.000	1635.000	19776.000	163567.000	1668.000
0.053	3850.000	5760.000	1000.000	18904.000	1694.000	20584.000	169456.000	1680.000
0.049	3950.000	5920.000	1000.000	20614.000	1846.000	22316.000	184661.000	1702.000
0.046	4050.000	6080.000	1000.000	21561.000	1950.000	23283.000	195101.000	1722.000
0.045	4150.000	6240.000	1000.000	22207.000	2014.000	23949.000	201431.000	1742.000
0.042	4250.000	6400.000	1000.000	23901.000	2167.000	25648.000	216724.000	1747.000
0.041	4350.000	6560.000	1000.000	24343.000	2216.000	26114.000	221673.000	1771.000
0.038	4450.000	6720.000	1000.000	26030.000	2362.000	27807.000	236221.000	1777.000
0.039	4550.000	6880.000	1000.000	25808.000	2324.000	27574.000	232426.000	1766.000
0.037	4650.000	7040.000	1000.000	27192.000	2490.000	28953.000	249044.000	1761.000
0.037	4750.000	7200.000	1000.000	27361.000	2482.000	29130.000	248244.000	1769.000
0.035	4850.000	7360.000	1000.000	28628.000	2586.000	30396.000	258653.000	1768.000
0.033	4950.000	7520.000	1000.000	30121.000	2744.000	31957.000	274491.000	1836.000
0.031	5050.000	7680.000	1000.000	32180.000	2911.000	34007.000	291129.000	1827.000
0.029	5150.000	7840.000	1000.000	34848.000	3134.000	36759.000	313484.000	1911.000
0.026	5250.000	8000.000	1000.000	37885.000	3459.000	39822.000	345921.000	1937.000
0.027	5350.000	8160.000	1000.000	36719.000	3307.000	38605.000	330803.000	1886.000
0.024	5450.000	8320.000	1000.000	40895.000	3711.000	42867.000	371125.000	1972.000
0.025	5550.000	8480.000	1000.000	40734.000	3681.000	42643.000	368129.000	1909.000
0.024	5650.000	8640.000	1000.000	40913.000	3734.000	42826.000	373499.000	1913.000
0.023	5750.000	8800.000	1000.000	43841.000	3960.000	45846.000	396099.000	2005.000
0.021	5850.000	8960.000	1000.000	46614.000	4222.000	48609.000	422296.000	1995.000
0.021	5950.000	9120.000	1000.000	48311.000	4381.000	50298.000	438197.000	1987.000
0.020	6050.000	9280.000	1000.000	50243.000	4549.000	52291.000	455010.000	2048.000
0.020	6150.000	9440.000	1000.000	50708.000	4634.000	52722.000	463481.000	2015.000
0.019	6250.000	9600.000	1000.000	52297.000	4743.000	54398.000	474355.000	2101.000
0.019	6350.000	9760.000	1000.000	53216.000	4844.000	55209.000	484473.000	1993.000
0.017	6450.000	9920.000	1000.000	59603.000	5406.000	61793.000	540708.000	2190.000
0.017	6550.000	10080.000	1000.000	58284.000	5305.000	60364.000	530599.000	2080.000
0.017	6650.000	10240.000	1000.000	59523.000	5421.000	61609.000	542122.000	2086.000
0.016	6750.000	10400.000	1000.000	62179.000	5611.000	64255.000	561176.000	2076.000
0.016	6850.000	10560.000	1000.000	62523.000	5643.000	64640.000	564333.000	2117.000
0.015	6950.000	10720.000	1000.000	65730.000	5950.000	67955.000	595095.000	2225.000
0.014	7050.000	10880.000	1000.000	71834.000	6502.000	74114.000	650315.000	2280.000
0.013	7150.000	11040.000	1000.000	76151.000	6940.000	78485.000	694093.000	2334.000
0.014	7250.000	11200.000	1000.000	73299.000	6685.000	75547.000	668540.000	2248.000
0.013	7350.000	11360.000	1000.000	75068.000	6807.000	77368.000	680719.000	2300.000
0.013	7450.000	11520.000	1000.000	79116.000	7173.000	81414.000	717353.000	2298.000
0.013	7550.000	11680.000	1000.000	78648.000	7107.000	80994.000	710801.000	2346.000
0.013	7650.000	11840.000	1000.000	78586.000	7112.000	80865.000	711279.000	2279.000
0.011	7750.000	12000.000	1000.000	87386.000	7927.000	89760.000	792726.000	2374.000
0.011	7850.000	12160.000	1000.000	92838.000	8389.000	95308.000	838961.000	2470.000
0.011	7950.000	12320.000	1000.000	90869.000	8204.000	93309.000	820455.000	2440.000
0.010	8050.000	12480.000	1000.000	99460.000	8980.000	102013.000	898094.000	2553.000
0.011	8150.000	12640.000	1000.000	95116.000	8610.000	97573.000	861071.000	2457.000
0.010	8250.000	12800.000	1000.000	102562.000	9300.000	105183.000	930079.000	2621.000
0.010	8350.000	12960.000	1000.000	96458.000	8699.000	98917.000	869960.000	2459.000
0.010	8450.000	13120.000	1000.000	104390.000	9411.000	106915.000	941132.000	2525.000
0.010	8550.000	13280.000	1000.000	101967.000	9188.000	104501.000	918895.000	2534.000
0.010	8650.000	13440.000	1000.000	101983.000	9181.000	104491.000	918163.000	2508.000
0.009	8750.000	13600.000	1000.000	107516.000	9642.000	110071.000	964283.000	2555.000
0.008	8850.000	13760.000	1000.000	118051.000	10605.000	120823.000	1060531.000	2772.000
0.008	8950.000	13920.000	1000.000	118850.000	10736.000	121555.000	1073722.000	2705.000
0.008	9050.000	14080.000	1000.000	120413.000	10858.000	123099.000	1085874.000	2686.000
0.008	9150.000	14240.000	1000.000	130543.000	11756.000	133402.000	1175712.000	2859.000
0.008	9250.000	14400.000	1000.000	128524.000	11604.000	131667.000	1160495.000	2812.000
0.008	9350.000	14560.000	1000.000	128181.000	11598.000	132152.000	1159871.000	2820.000
0.008	9450.000	14720.000	1000.000	127523.000	11534.000	131474.000	1153473.000	2759.000
