P	T(ns)		T(точки)	n		N		Exposition(ms)	Ch1		Ch2		SS
0.276	850.000		960.000		1000.000	3623.000	319.000		5229.000	31945.000	1606.000
0.259	950.000		1120.000	1000.000	3861.000	345.000		5406.000	34504.000	1545.000
0.259	1050.000	1280.000	1000.000	3860.000	347.000		5394.000	34729.000	1534.000
0.222	1150.000	1440.000	1000.000	4495.000	395.000		6029.000	39519.000	1534.000
0.223	1250.000	1600.000	1000.000	4489.000	405.000		6027.000	40521.000	1538.000
0.205	1350.000	1760.000	1000.000	4886.000	439.000		6452.000	43930.000	1566.000
0.197	1450.000	1920.000	1000.000	5065.000	461.000		6558.000	46153.000	1493.000
0.174	1550.000	2080.000	1000.000	5759.000	514.000		7320.000	51495.000	1561.000
0.170	1650.000	2240.000	1000.000	5888.000	533.000		7416.000	53359.000	1528.000
0.163	1750.000	2400.000	1000.000	6146.000	544.000		7722.000	54486.000	1576.000
0.147	1850.000	2560.000	1000.000	6824.000	607.000		8365.000	60766.000	1541.000
0.146	1950.000	2720.000	1000.000	6864.000	610.000		8380.000	61089.000	1516.000
0.144	2050.000	2880.000	1000.000	6953.000	627.000		8486.000	62789.000	1533.000
0.125	2150.000	3040.000	1000.000	7998.000	728.000		9583.000	72828.000	1585.000
0.130	2250.000	3200.000	1000.000	7679.000	677.000		9182.000	67759.000	1503.000
0.114	2350.000	3360.000	1000.000	8795.000	783.000		10377.000	78321.000	1582.000
0.111	2450.000	3520.000	1000.000	9036.000	813.000		10677.000	81342.000	1641.000
0.097	2550.000	3680.000	1000.000	10337.000	943.000		11937.000	94371.000	1600.000
0.098	2650.000	3840.000	1000.000	10159.000	929.000		11757.000	92941.000	1598.000
0.086	2750.000	4000.000	1000.000	11579.000	1034.000	13219.000	103430.000	1640.000
0.087	2850.000	4160.000	1000.000	11483.000	1027.000	13059.000	102753.000	1576.000
0.078	2950.000	4320.000	1000.000	12849.000	1157.000	14484.000	115718.000	1635.000
0.074	3050.000	4480.000	1000.000	13604.000	1220.000	15257.000	122074.000	1653.000
0.074	3150.000	4640.000	1000.000	13453.000	1232.000	15091.000	123205.000	1638.000
0.071	3250.000	4800.000	1000.000	14153.000	1257.000	15797.000	125751.000	1644.000
0.064	3350.000	4960.000	1000.000	15632.000	1408.000	17360.000	140834.000	1728.000
0.065	3450.000	5120.000	1000.000	15457.000	1387.000	17038.000	138744.000	1581.000
0.058	3550.000	5280.000	1000.000	17387.000	1573.000	19103.000	157393.000	1716.000
0.056	3650.000	5440.000	1000.000	17828.000	1609.000	19496.000	160986.000	1668.000
0.055	3750.000	5600.000	1000.000	18283.000	1650.000	19974.000	165092.000	1691.000
0.052	3850.000	5760.000	1000.000	19128.000	1714.000	20803.000	171416.000	1675.000
0.050	3950.000	5920.000	1000.000	19931.000	1817.000	21624.000	181708.000	1693.000
0.050	4050.000	6080.000	1000.000	20109.000	1817.000	21778.000	181712.000	1669.000
0.045	4150.000	6240.000	1000.000	22033.000	1991.000	23750.000	199174.000	1717.000
0.044	4250.000	6400.000	1000.000	22870.000	2057.000	24572.000	205769.000	1702.000
0.039	4350.000	6560.000	1000.000	25348.000	2286.000	27115.000	228695.000	1767.000
0.040	4450.000	6720.000	1000.000	24694.000	2228.000	26421.000	222854.000	1727.000
0.037	4550.000	6880.000	1000.000	26758.000	2429.000	28548.000	242960.000	1790.000
0.037	4650.000	7040.000	1000.000	27214.000	2467.000	29006.000	246770.000	1792.000
0.035	4750.000	7200.000	1000.000	28586.000	2572.000	30408.000	257287.000	1822.000
0.031	4850.000	7360.000	1000.000	31999.000	2887.000	33853.000	288751.000	1854.000
0.032	4950.000	7520.000	1000.000	31303.000	2866.000	33103.000	286698.000	1800.000
0.030	5050.000	7680.000	1000.000	33187.000	3029.000	35052.000	302994.000	1865.000
0.028	5150.000	7840.000	1000.000	35659.000	3223.000	37588.000	322372.000	1929.000
0.029	5250.000	8000.000	1000.000	34770.000	3161.000	36622.000	316155.000	1852.000
0.026	5350.000	8160.000	1000.000	38585.000	3512.000	40542.000	351266.000	1957.000
0.025	5450.000	8320.000	1000.000	39248.000	3569.000	41085.000	356922.000	1837.000
0.024	5550.000	8480.000	1000.000	42340.000	3825.000	44321.000	382568.000	1981.000
0.023	5650.000	8640.000	1000.000	42749.000	3860.000	44693.000	386015.000	1944.000
0.023	5750.000	8800.000	1000.000	43940.000	3983.000	45872.000	398335.000	1932.000
0.022	5850.000	8960.000	1000.000	44770.000	4053.000	46739.000	405366.000	1969.000
0.021	5950.000	9120.000	1000.000	48234.000	4334.000	50240.000	433509.000	2006.000
0.019	6050.000	9280.000	1000.000	51455.000	4653.000	53497.000	465383.000	2042.000
0.019	6150.000	9440.000	1000.000	52733.000	4757.000	54810.000	475802.000	2077.000
0.019	6250.000	9600.000	1000.000	52243.000	4732.000	54324.000	473258.000	2081.000
0.019	6350.000	9760.000	1000.000	53659.000	4836.000	55654.000	483687.000	1995.000
0.017	6450.000	9920.000	1000.000	59800.000	5427.000	61931.000	542724.000	2131.000
0.016	6550.000	10080.000	1000.000	61792.000	5576.000	64001.000	557688.000	2209.000
0.017	6650.000	10240.000	1000.000	60561.000	5474.000	62641.000	547459.000	2081.000
0.015	6750.000	10400.000	1000.000	67846.000	6155.000	70121.000	615614.000	2275.000
0.015	6850.000	10560.000	1000.000	65225.000	5911.000	67315.000	591162.000	2090.000
0.014	6950.000	10720.000	1000.000	73071.000	6698.000	75332.000	669825.000	2261.000
0.015	7050.000	10880.000	1000.000	66692.000	6043.000	68901.000	604343.000	2209.000
0.014	7150.000	11040.000	1000.000	73771.000	6701.000	76061.000	670138.000	2290.000
0.013	7250.000	11200.000	1000.000	78959.000	7122.000	81220.000	712252.000	2261.000
0.013	7350.000	11360.000	1000.000	79610.000	7185.000	81907.000	718523.000	2297.000
0.013	7450.000	11520.000	1000.000	79193.000	7191.000	81579.000	719122.000	2386.000
0.012	7550.000	11680.000	1000.000	84164.000	7620.000	86507.000	762071.000	2343.000
0.012	7650.000	11840.000	1000.000	86731.000	7910.000	89024.000	791065.000	2293.000
0.011	7750.000	12000.000	1000.000	86998.000	7895.000	89456.000	789580.000	2458.000
0.011	7850.000	12160.000	1000.000	89036.000	8062.000	91429.000	806279.000	2393.000
0.010	7950.000	12320.000	1000.000	95513.000	8633.000	98010.000	863354.000	2497.000
0.010	8050.000	12480.000	1000.000	96387.000	8795.000	98809.000	879598.000	2422.000
0.010	8150.000	12640.000	1000.000	95524.000	8620.000	97960.000	862097.000	2436.000
0.010	8250.000	12800.000	1000.000	104549.000	9472.000	107040.000	947274.000	2491.000
0.009	8350.000	12960.000	1000.000	111665.000	10102.000	114241.000	1010252.000	2576.000
0.009	8450.000	13120.000	1000.000	111283.000	10104.000	113962.000	1010429.000	2679.000
0.008	8550.000	13280.000	1000.000	119541.000	10825.000	122262.000	1082540.000	2721.000
0.008	8650.000	13440.000	1000.000	119899.000	10849.000	122600.000	1084983.000	2701.000
0.009	8750.000	13600.000	1000.000	117434.000	10604.000	120185.000	1060514.000	2751.000
0.008	8850.000	13760.000	1000.000	125084.000	11321.000	127836.000	1132190.000	2752.000
0.008	8950.000	13920.000	1000.000	127943.000	11614.000	130771.000	1161469.000	2828.000
0.008	9050.000	14080.000	1000.000	124153.000	11245.000	126833.000	1124606.000	2680.000
0.008	9150.000	14240.000	1000.000	126174.000	11436.000	128946.000	1143721.000	2772.000
0.007	9250.000	14400.000	1000.000	134749.000	12185.000	138011.000	1218578.000	2858.000
0.007	9350.000	14560.000	1000.000	138219.000	12631.000	142405.000	1263151.000	2953.000
0.007	9450.000	14720.000	1000.000	143537.000	13075.000	147776.000	1307554.000	2977.000
