         P           T(ns)       T(points)             N11         N10+N11  Exposition(ms)             Ch1             Ch2         N01+N11            Temp
0.13589708520559785	850.000	480.000	553.000	3838.000	1000.000	4769.000	50001.000	931.000	0.183
0.14623411764751318	950.000	560.000	586.000	3812.000	1000.000	4744.000	50001.000	932.000	0.183
0.1353321376816597	1050.000	640.000	543.000	3810.000	1000.000	4685.000	50001.000	875.000	0.183
0.12105813874269211	1150.000	720.000	483.000	3808.000	1000.000	4558.000	50001.000	750.000	0.183
0.10060438756490159	1250.000	800.000	410.000	3860.000	1000.000	4529.000	50001.000	669.000	0.183
0.1079482017211742	1350.000	880.000	433.000	3824.000	1000.000	4501.000	50001.000	677.000	0.183
0.09676313949964524	1450.000	960.000	393.000	3830.000	1000.000	4493.000	50001.000	663.000	0.183
0.09289971429617556	1550.000	1040.000	371.000	3778.000	1000.000	4394.000	50001.000	616.000	0.183
0.08334939103490166	1650.000	1120.000	337.000	3851.000	1000.000	4380.000	50001.000	529.000	0.183
0.07295319283019501	1750.000	1200.000	295.000	3845.000	1000.000	4314.000	50001.000	469.000	0.183
0.07629402541103937	1850.000	1280.000	307.000	3817.000	1000.000	4315.000	50001.000	498.000	0.183
0.06701835313298482	1950.000	1360.000	267.000	3755.000	1000.000	4211.000	50001.000	456.000	0.183
0.06629775288839884	2050.000	1440.000	267.000	3784.000	1000.000	4248.000	50001.000	464.000	0.183
0.06767367323581215	2150.000	1520.000	273.000	3819.000	1000.000	4268.000	50001.000	449.000	0.183
0.053859540334263045	2250.000	1600.000	216.000	3750.000	1000.000	4139.000	50001.000	389.000	0.183
0.05514329423565081	2350.000	1680.000	226.000	3832.000	1000.000	4235.000	50001.000	403.000	0.183
0.051856017418742135	2450.000	1760.000	209.000	3838.000	1000.000	4167.000	50002.000	329.000	0.184
0.052674793046901584	2550.000	1840.000	212.000	3794.000	1000.000	4154.000	50002.000	360.000	0.184
0.05041829243684152	2650.000	1920.000	204.000	3809.000	1000.000	4158.000	50001.000	349.000	0.184
0.041393311149565	2750.000	2000.000	167.000	3800.000	1000.000	4085.000	50001.000	285.000	0.184
0.04448654602081206	2850.000	2080.000	181.000	3844.000	1000.000	4145.000	50001.000	301.000	0.184
0.04118427870411791	2950.000	2160.000	166.000	3816.000	1000.000	4089.000	50001.000	273.000	0.184
0.037462139681020516	3050.000	2240.000	155.000	3911.000	1000.000	4166.000	50001.000	255.000	0.184
0.038505139566641644	3150.000	2320.000	158.000	3897.000	1000.000	4149.000	50001.000	252.000	0.184
0.03101950308633397	3250.000	2400.000	126.000	3775.000	1000.000	4010.000	50001.000	235.000	0.184
0.03254359356677714	3350.000	2480.000	133.000	3863.000	1000.000	4083.000	50002.000	220.000	0.184
0.03172238285200673	3450.000	2560.000	131.000	3863.000	1000.000	4095.000	50001.000	232.000	0.184
0.03137151659515459	3550.000	2640.000	128.000	3874.000	1000.000	4079.000	50002.000	205.000	0.184
0.0287941083764421	3650.000	2720.000	117.000	3849.000	1000.000	4040.000	50001.000	191.000	0.184
0.026486035105770123	3750.000	2800.000	107.000	3792.000	1000.000	3979.000	50001.000	187.000	0.184
0.029063605918858672	3850.000	2880.000	118.000	3805.000	1000.000	4013.000	50001.000	208.000	0.184
0.028166618755536815	3950.000	2960.000	113.000	3796.000	1000.000	3983.000	50001.000	187.000	0.184
0.025412646302753174	4050.000	3040.000	102.000	3791.000	1000.000	3962.000	50001.000	171.000	0.184
0.019325776813856114	4150.000	3120.000	77.000	3726.000	1000.000	3865.000	50001.000	139.000	0.184
0.021503501438134086	4250.000	3200.000	88.000	3859.000	1000.000	4007.000	50001.000	148.000	0.184
0.022584385628360928	4350.000	3280.000	94.000	3893.000	1000.000	4059.000	50002.000	166.000	0.184
0.0225495494109403	4450.000	3360.000	92.000	3875.000	1000.000	4022.000	50001.000	147.000	0.184
0.020712239392519833	4550.000	3440.000	85.000	3869.000	1000.000	4012.000	50001.000	143.000	0.184
0.01637952296159346	4650.000	3520.000	65.000	3732.000	1000.000	3845.000	50001.000	113.000	0.184
0.016189361131591414	4750.000	3600.000	67.000	3831.000	1000.000	3958.000	50001.000	127.000	0.184
0.018803010105195757	4850.000	3680.000	25.000	1297.000	1000.000	1345.000	50001.000	48.000	0.184
0.013360563108337475	4950.000	3760.000	57.000	3865.000	1000.000	3986.000	50002.000	121.000	0.184
0.015005133200168259	5050.000	3840.000	61.000	3732.000	1000.000	3855.000	50001.000	123.000	0.184
0.013485655751709687	5150.000	3920.000	56.000	3766.000	1000.000	3886.000	50001.000	120.000	0.184
0.009835836864206046	5250.000	4000.000	44.000	3935.000	1000.000	4041.000	50002.000	106.000	0.184
0.013255496055652719	5350.000	4080.000	55.000	3859.000	1000.000	3960.000	50002.000	101.000	0.184
0.01154056630612937	5450.000	4160.000	49.000	3855.000	1000.000	3958.000	50001.000	103.000	0.184
0.009098362221296497	5550.000	4240.000	40.000	3895.000	1000.000	3989.000	50001.000	94.000	0.184
0.014292462444822452	5650.000	4320.000	60.000	3891.000	1000.000	4003.000	50001.000	112.000	0.184
0.01154559144277768	5750.000	4400.000	48.000	3847.000	1000.000	3938.000	50001.000	91.000	0.184
0.0084153308286307	5850.000	4480.000	36.000	3782.000	1000.000	3869.000	50001.000	87.000	0.184
0.0070887088640185425	5950.000	4560.000	31.000	3794.000	1000.000	3875.000	50001.000	81.000	0.184
0.009629116944109301	6050.000	4640.000	40.000	3720.000	1000.000	3812.000	50001.000	92.000	0.184
0.011376211622479973	6150.000	4720.000	48.000	3886.000	1000.000	3979.000	50001.000	93.000	0.184
0.00702318833392168	6250.000	4800.000	30.000	3772.000	1000.000	3845.000	50001.000	73.000	0.184
0.010478808391093004	6350.000	4880.000	44.000	3878.000	1000.000	3962.000	50001.000	84.000	0.184
0.006447615738464346	6450.000	4960.000	28.000	3806.000	1000.000	3876.000	50001.000	70.000	0.184
0.00688387190265086	6550.000	5040.000	29.000	3753.000	1000.000	3821.000	50001.000	68.000	0.184
0.006783246858743303	6650.000	5120.000	30.000	3856.000	1000.000	3932.000	50002.000	76.000	0.184
0.005462540393583326	6750.000	5200.000	23.000	3686.000	1000.000	3745.000	50001.000	59.000	0.184
0.007206298435925613	6850.000	5280.000	30.000	3798.000	1000.000	3860.000	50001.000	62.000	0.184
0.007200436130202017	6950.000	5360.000	30.000	3864.000	1000.000	3920.000	50001.000	56.000	0.184
0.007472796825698646	7050.000	5440.000	33.000	3987.000	1000.000	4057.000	50001.000	70.000	0.184
0.007426425322755267	7150.000	5520.000	32.000	3819.000	1000.000	3895.000	50002.000	76.000	0.184
0.006088620535396652	7250.000	5600.000	26.000	3846.000	1000.000	3903.000	50001.000	57.000	0.184
0.004632701472724131	7350.000	5680.000	21.000	3775.000	1000.000	3839.000	50001.000	64.000	0.184
0.006255484048284025	7450.000	5760.000	27.000	3803.000	1000.000	3869.000	50002.000	66.000	0.184
0.004711445202467142	7550.000	5840.000	21.000	3723.000	1000.000	3787.000	50001.000	64.000	0.184
0.004834860413397215	7650.000	5920.000	21.000	3814.000	1000.000	3866.000	50002.000	52.000	0.184
0.004836204085894564	7750.000	6000.000	21.000	3843.000	1000.000	3893.000	50001.000	50.000	0.184
0.005366656952831071	7850.000	6080.000	22.000	3711.000	1000.000	3759.000	50002.000	48.000	0.184
0.004481444726316271	7950.000	6160.000	19.000	3767.000	1000.000	3812.000	50001.000	45.000	0.184
0.00521430236485151	8050.000	6240.000	22.000	3794.000	1000.000	3843.000	50001.000	49.000	0.184
0.003044272762697908	8150.000	6320.000	14.000	3705.000	1000.000	3753.000	50001.000	48.000	0.184
0.003962663934807187	8250.000	6400.000	17.000	3757.000	1000.000	3800.000	50002.000	43.000	0.184
0.0052096657810591735	8350.000	6480.000	22.000	3783.000	1000.000	3833.000	50001.000	50.000	0.184
0.0027918465217449183	8450.000	6560.000	14.000	3805.000	1000.000	3860.000	50001.000	55.000	0.184
0.0048253043646979705	8550.000	6640.000	21.000	3791.000	1000.000	3845.000	50001.000	54.000	0.184
0.0036019484287666283	8650.000	6720.000	17.000	3805.000	1000.000	3862.000	50002.000	57.000	0.184
0.0037929590422454175	8750.000	6800.000	17.000	3702.000	1000.000	3756.000	50001.000	54.000	0.184
0.003558150188857135	8850.000	6880.000	16.000	3902.000	1000.000	3943.000	50001.000	41.000	0.184
0.0012027962277848692	8950.000	6960.000	7.000	3780.000	1000.000	3817.000	50001.000	37.000	0.184
0.0031083391492953668	9050.000	7040.000	14.000	3748.000	1000.000	3791.000	50001.000	43.000	0.184
0.0027799642326490986	9150.000	7120.000	13.000	3791.000	1000.000	3834.000	50001.000	43.000	0.184
0.0023803874781730284	9250.000	7200.000	12.000	3798.000	1000.000	3846.000	50001.000	48.000	0.184
0.002060750797828848	9350.000	7280.000	10.000	3692.000	1000.000	3732.000	50002.000	40.000	0.184
0.003981553316530198	9450.000	7360.000	17.000	3724.000	1000.000	3768.000	50002.000	44.000	0.184
0.0033039520693549855	9550.000	7440.000	15.000	3815.000	1000.000	3859.000	50001.000	44.000	0.184
0.002328252160766469	9650.000	7520.000	11.000	3777.000	1000.000	3815.000	50001.000	38.000	0.184
0.0024299531422096966	9750.000	7600.000	12.000	3950.000	1000.000	3990.000	50001.000	40.000	0.184
0.002654607815268979	9850.000	7680.000	12.000	3682.000	1000.000	3722.000	50002.000	40.000	0.184
0.003432482361035375	9950.000	7760.000	15.000	3735.000	1000.000	3777.000	50001.000	42.000	0.184
0.003415338052738603	10050.000	7840.000	15.000	3812.000	1000.000	3851.000	50001.000	39.000	0.184
0.002919876938006736	10150.000	7920.000	14.000	3785.000	1000.000	3835.000	50002.000	50.000	0.184
0.002260213591586345	10250.000	8000.000	11.000	3781.000	1000.000	3822.000	50001.000	41.000	0.184
0.002342833320630665	10350.000	8080.000	11.000	3814.000	1000.000	3850.000	50001.000	36.000	0.184
0.0008395617062365519	10450.000	8160.000	6.000	3710.000	1000.000	3752.000	50001.000	42.000	0.184
0.0023227182310696635	10550.000	8240.000	12.000	3815.000	1000.000	3865.000	50001.000	50.000	0.184
0.0012281241084699693	10650.000	8320.000	7.000	3816.000	1000.000	3851.000	50001.000	35.000	0.184
0.0034988929929153996	10750.000	8400.000	16.000	3817.000	1000.000	3865.000	50001.000	48.000	0.184
0.0014243676497289583	10850.000	8480.000	7.000	3727.000	1000.000	3755.000	50001.000	28.000	0.184
0.002334429702064797	10950.000	8560.000	11.000	3715.000	1000.000	3755.000	50001.000	40.000	0.184
0.002993059824773726	11050.000	8640.000	14.000	3843.000	1000.000	3887.000	50002.000	44.000	0.184
0.0018565895840048849	11150.000	8720.000	9.000	3788.000	1000.000	3821.000	50001.000	33.000	0.184
0.0027284506876343612	11250.000	8800.000	12.000	3696.000	1000.000	3732.000	50001.000	36.000	0.184
0.0019179874416301345	11350.000	8880.000	9.000	3863.000	1000.000	3891.000	50001.000	28.000	0.184
0.0010146293276357941	11450.000	8960.000	6.000	3705.000	1000.000	3739.000	50001.000	34.000	0.184
0.001975043210753131	11550.000	9040.000	9.000	3806.000	1000.000	3833.000	50002.000	27.000	0.184
0.0039181541360193434	11650.000	9120.000	17.000	3868.000	1000.000	3907.000	50001.000	39.000	0.184
0.001379395813316389	11750.000	9200.000	7.000	3773.000	1000.000	3802.000	50002.000	29.000	0.184
0.0027011814691919804	11850.000	9280.000	12.000	3777.000	1000.000	3811.000	50001.000	34.000	0.184
0.0016000169624445174	11950.000	9360.000	8.000	3775.000	1000.000	3807.000	50001.000	32.000	0.184
0.0015149129785614985	12050.000	9440.000	7.000	3719.000	1000.000	3743.000	50001.000	24.000	0.184
0.0019603394935791066	12150.000	9520.000	9.000	3795.000	1000.000	3823.000	50001.000	28.000	0.184
0.0013830641046653268	12250.000	9600.000	8.000	3814.000	1000.000	3855.000	50002.000	41.000	0.184
-7.989401117767515e-06	12350.000	9680.000	3.000	3692.000	1000.000	3733.000	50002.000	41.000	0.184
0.0016816715080240061	12450.000	9760.000	8.000	3709.000	1000.000	3739.000	50001.000	30.000	0.184
0.0015071896980285303	12550.000	9840.000	7.000	3777.000	1000.000	3800.000	50002.000	23.000	0.184
0.002145071147799673	12650.000	9920.000	10.000	3724.000	1000.000	3759.000	50002.000	35.000	0.184
0.002003830113388792	12750.000	10000.000	10.000	3831.000	1000.000	3869.000	50001.000	38.000	0.184
0.002126039928741728	12850.000	10080.000	10.000	3811.000	1000.000	3844.000	50001.000	33.000	0.184
0.00015455951435161604	12950.000	10160.000	3.000	3736.000	1000.000	3769.000	50001.000	33.000	0.184
0.0012959667546238202	13050.000	10240.000	6.000	3856.000	1000.000	3874.000	50001.000	18.000	0.184
0.0018620806235403304	13150.000	10320.000	9.000	3746.000	1000.000	3780.000	50001.000	34.000	0.184
0.00180343968580424	13250.000	10400.000	8.000	3650.000	1000.000	3676.000	50001.000	26.000	0.184
0.0017205159079936466	13350.000	10480.000	9.000	3832.000	1000.000	3870.000	50001.000	38.000	0.184
0.0011359216034572447	13450.000	10560.000	6.000	3824.000	1000.000	3850.000	50001.000	26.000	0.184
0.0014383379729700544	13550.000	10640.000	7.000	3700.000	1000.000	3728.000	50001.000	28.000	0.184
0.0017235615914543514	13650.000	10720.000	8.000	3675.000	1000.000	3704.000	50001.000	29.000	0.184
0.001513344633775109	13750.000	10800.000	8.000	3738.000	1000.000	3775.000	50002.000	37.000	0.184
0.0019565673013478956	13850.000	10880.000	9.000	3669.000	1000.000	3701.000	50001.000	32.000	0.184
0.0003194422840400297	13950.000	10960.000	3.000	3772.000	1000.000	3797.000	50001.000	25.000	0.184
0.0016693123267325384	14050.000	11040.000	8.000	3730.000	1000.000	3760.000	50001.000	30.000	0.184
0.0023529971176922747	14150.000	11120.000	10.000	3796.000	1000.000	3819.000	50001.000	23.000	0.184
0.0003619288501780522	14250.000	11200.000	4.000	3721.000	1000.000	3758.000	50001.000	37.000	0.184
0.001230951727053884	14350.000	11280.000	6.000	3804.000	1000.000	3826.000	50002.000	22.000	0.184
0.0030387355359290796	14450.000	11360.000	13.000	3792.000	1000.000	3823.000	50001.000	31.000	0.184
0.0008080221400221325	14550.000	11440.000	5.000	3709.000	1000.000	3739.000	50001.000	30.000	0.184
0.00014363518138549842	14650.000	11520.000	3.000	3690.000	1000.000	3724.000	50002.000	34.000	0.184
0.0007234372563718651	14750.000	11600.000	4.000	3816.000	1000.000	3835.000	50001.000	19.000	0.184
0.0019178903172580213	14850.000	11680.000	10.000	3830.000	1000.000	3872.000	50001.000	42.000	0.184
0.001227515091875328	14950.000	11760.000	6.000	3664.000	1000.000	3689.000	50001.000	25.000	0.184
0.0016108804976234967	15050.000	11840.000	8.000	3872.000	1000.000	3901.000	50002.000	29.000	0.184
0.0009721065368738913	15150.000	11920.000	6.000	3752.000	1000.000	3787.000	50001.000	35.000	0.184
0.001299252425915337	15250.000	12000.000	6.000	3848.000	1000.000	3866.000	50002.000	18.000	0.184
0.0005576101488860134	15350.000	12080.000	4.000	3717.000	1000.000	3745.000	50002.000	28.000	0.184
0.0005284607387279711	15450.000	12160.000	3.000	3806.000	1000.000	3821.000	50001.000	15.000	0.184
0.0005231957316136109	15550.000	12240.000	4.000	3760.000	1000.000	3789.000	50002.000	29.000	0.184
0.0017907410640091847	15650.000	12320.000	8.000	3782.000	1000.000	3805.000	50001.000	23.000	0.184
0.001389559934260587	15750.000	12400.000	7.000	3796.000	1000.000	3824.000	50002.000	28.000	0.184
0.0011635987760773418	15850.000	12480.000	6.000	3710.000	1000.000	3737.000	50001.000	27.000	0.184
9.864512880220618e-05	15950.000	12560.000	2.000	3765.000	1000.000	3787.000	50001.000	22.000	0.184
0.002488036627822912	16050.000	12640.000	11.000	3739.000	1000.000	3771.000	50002.000	32.000	0.184
0.0013834203309750523	16150.000	12720.000	7.000	3765.000	1000.000	3794.000	50002.000	29.000	0.184
0.00024397974069682719	16250.000	12800.000	3.000	3723.000	1000.000	3752.000	50001.000	29.000	0.184
0.0008345830700199258	16350.000	12880.000	5.000	3754.000	1000.000	3782.000	50001.000	28.000	0.184
0.0008296241446881655	16450.000	12960.000	5.000	3709.000	1000.000	3738.000	50001.000	29.000	0.184
0.001444155602987011	16550.000	13040.000	7.000	3817.000	1000.000	3842.000	50001.000	25.000	0.184
0.0003038029480749964	16650.000	13120.000	3.000	3844.000	1000.000	3869.000	50001.000	25.000	0.183
0.00022930132683074398	16750.000	13200.000	2.000	3759.000	1000.000	3775.000	50001.000	16.000	0.184
0.0012532038353281919	16850.000	13280.000	6.000	3655.000	1000.000	3679.000	50001.000	24.000	0.184
0.0002734363279139705	16950.000	13360.000	2.000	3753.000	1000.000	3767.000	50001.000	14.000	0.184
6.382918885165746e-05	17050.000	13440.000	2.000	3710.000	1000.000	3734.000	50001.000	24.000	0.184
0.0017719944957692068	17150.000	13520.000	9.000	3819.000	1000.000	3855.000	50001.000	36.000	0.184
0.0014771088261015706	17250.000	13600.000	7.000	3794.000	1000.000	3818.000	50001.000	24.000	0.184
0.0008122753514543302	17350.000	13680.000	5.000	3816.000	1000.000	3844.000	50001.000	28.000	0.184
0.0008469965683117944	17450.000	13760.000	4.000	3762.000	1000.000	3776.000	50001.000	14.000	0.184
0.0011905146211878162	17550.000	13840.000	6.000	3747.000	1000.000	3772.000	50002.000	25.000	0.184
0.002155648230263435	17650.000	13920.000	9.000	3694.000	1000.000	3716.000	50001.000	22.000	0.184
0.0017242749627944347	17750.000	14000.000	8.000	3747.000	1000.000	3774.000	50002.000	27.000	0.184
0.0005158643322141707	17850.000	14080.000	3.000	3764.000	1000.000	3780.000	50001.000	16.000	0.184
0.0004553959342860722	17950.000	14160.000	3.000	3744.000	1000.000	3763.000	50002.000	19.000	0.184
0.001034631766793477	18050.000	14240.000	5.000	3739.000	1000.000	3758.000	50001.000	19.000	0.184
0.0009163631883832729	18150.000	14320.000	5.000	3767.000	1000.000	3791.000	50001.000	24.000	0.184
