         P           T(ns)       T(points)             N11         N10+N11  Exposition(ms)             Ch1             Ch2         N01+N11            Temp
0.05415829736403763	850.000	480.000	113.000	1972.000	1000.000	2236.000	50001.000	264.000	0.183
0.04418744018340659	950.000	560.000	88.000	1891.000	1000.000	2092.000	50001.000	201.000	0.183
0.04578777068846343	1050.000	640.000	90.000	1877.000	1000.000	2071.000	50001.000	194.000	0.183
0.03599376229339195	1150.000	720.000	72.000	1886.000	1000.000	2063.000	50001.000	177.000	0.183
0.0449558123630677	1250.000	800.000	88.000	1849.000	1000.000	2064.000	50001.000	215.000	0.183
0.03780407055630936	1350.000	880.000	74.000	1876.000	1000.000	2029.000	50001.000	153.000	0.183
0.028749207434602613	1450.000	960.000	59.000	1932.000	1000.000	2077.000	50001.000	145.000	0.184
0.03567130598801726	1550.000	1040.000	72.000	1936.000	1000.000	2081.000	50001.000	145.000	0.184
0.03156625775072416	1650.000	1120.000	64.000	1914.000	1000.000	2068.000	50002.000	154.000	0.184
0.025284965674787475	1750.000	1200.000	51.000	1894.000	1000.000	2024.000	50001.000	130.000	0.184
0.029787675953187338	1850.000	1280.000	61.000	1976.000	1000.000	2089.000	50001.000	113.000	0.184
0.019399686259843337	1950.000	1360.000	39.000	1872.000	1000.000	1980.000	50001.000	108.000	0.184
0.02053802252537244	2050.000	1440.000	43.000	1968.000	1000.000	2074.000	50002.000	106.000	0.184
0.021392606944282883	2150.000	1520.000	44.000	1965.000	1000.000	2057.000	50001.000	92.000	0.184
0.01904581008375853	2250.000	1600.000	40.000	1949.000	1000.000	2060.000	50002.000	111.000	0.184
0.02105166175548009	2350.000	1680.000	42.000	1903.000	1000.000	1994.000	50001.000	91.000	0.184
0.01992066660318869	2450.000	1760.000	39.000	1870.000	1000.000	1954.000	50001.000	84.000	0.184
0.020399555220268126	2550.000	1840.000	41.000	1905.000	1000.000	2000.000	50001.000	95.000	0.184
0.014955546513674353	2650.000	1920.000	31.000	1928.000	1000.000	2013.000	50001.000	85.000	0.184
0.010782852025559361	2750.000	2000.000	22.000	1901.000	1000.000	1961.000	50002.000	60.000	0.184
0.01420938290186412	2850.000	2080.000	28.000	1854.000	1000.000	1925.000	50001.000	71.000	0.184
0.01203132795400114	2950.000	2160.000	25.000	1931.000	1000.000	2000.000	50001.000	69.000	0.184
0.01448182873747074	3050.000	2240.000	30.000	1951.000	1000.000	2024.000	50001.000	73.000	0.184
0.012635385565759542	3150.000	2320.000	25.000	1868.000	1000.000	1929.000	50002.000	61.000	0.184
0.010599750165695181	3250.000	2400.000	22.000	1935.000	1000.000	1994.000	50002.000	59.000	0.184
0.0077573713364513614	3350.000	2480.000	16.000	1863.000	1000.000	1919.000	50002.000	56.000	0.184
0.010762418035773269	3450.000	2560.000	21.000	1858.000	1000.000	1905.000	50001.000	47.000	0.184
0.01034920794761788	3550.000	2640.000	22.000	2020.000	1000.000	2068.000	50001.000	48.000	0.184
0.012882240501633288	3650.000	2720.000	26.000	1928.000	1000.000	1983.000	50002.000	55.000	0.184
0.00840661118554009	3750.000	2800.000	17.000	1874.000	1000.000	1923.000	50002.000	49.000	0.184
0.005765666938646348	3850.000	2880.000	13.000	2008.000	1000.000	2055.000	50001.000	47.000	0.184
0.014317695109242554	3950.000	2960.000	28.000	1856.000	1000.000	1921.000	50001.000	65.000	0.184
0.007790893931396597	4050.000	3040.000	16.000	1930.000	1000.000	1970.000	50001.000	40.000	0.184
0.006386842857581368	4150.000	3120.000	13.000	1911.000	1000.000	1944.000	50002.000	33.000	0.184
0.007415344201375962	4250.000	3200.000	16.000	1990.000	1000.000	2036.000	50001.000	46.000	0.184
0.006169142961979813	4350.000	3280.000	13.000	1885.000	1000.000	1933.000	50001.000	48.000	0.184
0.010430856769236174	4450.000	3360.000	22.000	2005.000	1000.000	2053.000	50001.000	48.000	0.184
0.007916220200630554	4550.000	3440.000	16.000	1892.000	1000.000	1934.000	50001.000	42.000	0.184
0.007975750589977619	4650.000	3520.000	16.000	1888.000	1000.000	1928.000	50001.000	40.000	0.184
0.0032964198825019934	4750.000	3600.000	7.000	1907.000	1000.000	1932.000	50001.000	25.000	0.184
0.00833472668125914	4850.000	3680.000	17.000	1966.000	1000.000	1998.000	50001.000	32.000	0.184
0.007179503768613595	4950.000	3760.000	15.000	1964.000	1000.000	2001.000	50002.000	37.000	0.184
0.005188178489209644	5050.000	3840.000	11.000	1970.000	1000.000	2000.000	50001.000	30.000	0.184
0.00371111730603909	5150.000	3920.000	8.000	1968.000	1000.000	1993.000	50001.000	25.000	0.184
0.0025550654411577328	5250.000	4000.000	6.000	1951.000	1000.000	1982.000	50002.000	31.000	0.184
0.00413830360492766	5350.000	4080.000	9.000	1985.000	1000.000	2013.000	50001.000	28.000	0.184
0.004387940523902687	5450.000	4160.000	9.000	1932.000	1000.000	1954.000	50001.000	22.000	0.184
0.0034535490686559444	5550.000	4240.000	7.000	1849.000	1000.000	1872.000	50001.000	23.000	0.184
0.005041582082175709	5650.000	4320.000	10.000	1890.000	1000.000	1912.000	50001.000	22.000	0.184
0.004593979009996808	5750.000	4400.000	9.000	1827.000	1000.000	1852.000	50001.000	25.000	0.184
0.003938954736880267	5850.000	4480.000	8.000	1910.000	1000.000	1930.000	50001.000	20.000	0.184
0.004504102769389751	5950.000	4560.000	9.000	1910.000	1000.000	1929.000	50001.000	19.000	0.184
0.0038650826108982093	6050.000	4640.000	8.000	1851.000	1000.000	1881.000	50001.000	30.000	0.184
0.003267648379315714	6150.000	4720.000	7.000	1933.000	1000.000	1957.000	50001.000	24.000	0.184
0.002542415482026029	6250.000	4800.000	5.000	1832.000	1000.000	1846.000	50001.000	14.000	0.184
0.0022462702308825916	6350.000	4880.000	5.000	1908.000	1000.000	1931.000	50001.000	23.000	0.184
0.003220674961933506	6450.000	4960.000	7.000	1993.000	1000.000	2014.000	50001.000	21.000	0.184
0.002807389875802709	6550.000	5040.000	6.000	1976.000	1000.000	1993.000	50001.000	17.000	0.184
0.0019313744620056564	6650.000	5120.000	4.000	1852.000	1000.000	1867.000	50002.000	15.000	0.184
0.0018196759625880925	6750.000	5200.000	4.000	1933.000	1000.000	1949.000	50001.000	16.000	0.184
0.0023944601527500172	6850.000	5280.000	5.000	1862.000	1000.000	1881.000	50001.000	19.000	0.184
0.0013393795302231533	6950.000	5360.000	3.000	1864.000	1000.000	1880.000	50001.000	16.000	0.184
0.0018415556622861883	7050.000	5440.000	4.000	1932.000	1000.000	1947.000	50001.000	15.000	0.184
0.004027608700944448	7150.000	5520.000	8.000	1917.000	1000.000	1932.000	50001.000	15.000	0.184
0.0030198228572908604	7250.000	5600.000	6.000	1859.000	1000.000	1875.000	50001.000	16.000	0.184
0.002748705492068992	7350.000	5680.000	6.000	1934.000	1000.000	1957.000	50001.000	23.000	0.184
0.0013885083941887044	7450.000	5760.000	3.000	1904.000	1000.000	1916.000	50001.000	12.000	0.184
0.0035067683260859694	7550.000	5840.000	7.000	1874.000	1000.000	1892.000	50002.000	18.000	0.184
0.0018643841699463905	7650.000	5920.000	4.000	1856.000	1000.000	1874.000	50001.000	18.000	0.184
0.0006900106390923593	7750.000	6000.000	2.000	1955.000	1000.000	1973.000	50002.000	18.000	0.184
0.0014294440107290834	7850.000	6080.000	3.000	1856.000	1000.000	1868.000	50001.000	12.000	0.184
0.001492464981917669	7950.000	6160.000	3.000	1904.000	1000.000	1911.000	50001.000	7.000	0.184
0.0019315844373433023	8050.000	6240.000	4.000	1888.000	1000.000	1901.000	50001.000	13.000	0.184
0.00076495431916695	8150.000	6320.000	2.000	1894.000	1000.000	1910.000	50002.000	16.000	0.184
0.0012199401765758823	8250.000	6400.000	3.000	1932.000	1000.000	1951.000	50001.000	19.000	0.184
0.00031450962737144465	8350.000	6480.000	1.000	1914.000	1000.000	1925.000	50001.000	11.000	0.184
0.0006745310423734712	8450.000	6560.000	2.000	1945.000	1000.000	1964.000	50002.000	19.000	0.184
0.001269512079540223	8550.000	6640.000	3.000	1948.000	1000.000	1964.000	50002.000	16.000	0.184
0.0018431698371762055	8650.000	6720.000	4.000	1950.000	1000.000	1964.000	50001.000	14.000	0.184
0.001773131846095541	8750.000	6800.000	4.000	2040.000	1000.000	2053.000	50001.000	13.000	0.184
0.0008320462607597028	8850.000	6880.000	2.000	1923.000	1000.000	1935.000	50001.000	12.000	0.184
0.00036253513426231815	8950.000	6960.000	1.000	1891.000	1000.000	1900.000	50001.000	9.000	0.184
0.0013294723055325471	9050.000	7040.000	3.000	1900.000	1000.000	1915.000	50001.000	15.000	0.184
0.0008588721174328875	9150.000	7120.000	2.000	1912.000	1000.000	1923.000	50001.000	11.000	0.184
0.0024736195574591303	9250.000	7200.000	5.000	1894.000	1000.000	1907.000	50001.000	13.000	0.184
0.0003269930538280275	9350.000	7280.000	1.000	1870.000	1000.000	1881.000	50001.000	11.000	0.184
0.001282399447362623	9450.000	7360.000	3.000	1958.000	1000.000	1973.000	50001.000	15.000	0.184
0.0007769697823813721	9550.000	7440.000	2.000	1948.000	1000.000	1962.000	50001.000	14.000	0.184
0.00029734869819036047	9650.000	7520.000	1.000	1901.000	1000.000	1913.000	50001.000	12.000	0.184
0.0014039506591023002	9750.000	7600.000	3.000	1936.000	1000.000	1946.000	50001.000	10.000	0.184
0.0003512376750756596	9850.000	7680.000	1.000	1790.000	1000.000	1801.000	50001.000	11.000	0.184
0.0019705736510555955	9950.000	7760.000	4.000	1854.000	1000.000	1867.000	50002.000	13.000	0.184
0.0008757608629501183	10050.000	7840.000	2.000	1846.000	1000.000	1858.000	50001.000	12.000	0.184
-0.00022917621567565316	10150.000	7920.000	0.000	2003.000	1000.000	2014.000	50001.000	11.000	0.184
0.0014467425299344407	10250.000	8000.000	3.000	1909.000	1000.000	1918.000	50001.000	9.000	0.184
0.0019007456478608064	10350.000	8080.000	4.000	1935.000	1000.000	1947.000	50001.000	12.000	0.184
0.002299219611884166	10450.000	8160.000	5.000	1994.000	1000.000	2009.000	50001.000	15.000	0.184
0.00025156608762796743	10550.000	8240.000	1.000	1916.000	1000.000	1930.000	50001.000	14.000	0.184
0.0003303674880402899	10650.000	8320.000	1.000	1932.000	1000.000	1942.000	50001.000	10.000	0.184
0.0004185983350807827	10750.000	8400.000	1.000	1841.000	1000.000	1848.000	50001.000	7.000	0.184
0.0008537443696488747	10850.000	8480.000	2.000	1884.000	1000.000	1896.000	50001.000	12.000	0.184
0.0004212534963046491	10950.000	8560.000	1.000	1904.000	1000.000	1910.000	50001.000	6.000	0.184
0.0013928518254911332	11050.000	8640.000	3.000	1924.000	1000.000	1935.000	50001.000	11.000	0.184
0.0008170031113682699	11150.000	8720.000	2.000	1951.000	1000.000	1963.000	50002.000	12.000	0.184
0.000310655224985031	11250.000	8800.000	1.000	1928.000	1000.000	1939.000	50001.000	11.000	0.184
0.0013220968613014456	11350.000	8880.000	3.000	1860.000	1000.000	1877.000	50002.000	17.000	0.184
0.0014423572963654222	11450.000	8960.000	3.000	1940.000	1000.000	1948.000	50001.000	8.000	0.184
-0.0002078958857404212	11550.000	9040.000	0.000	1900.000	1000.000	1910.000	50001.000	10.000	0.184
0.0014352651979534815	11650.000	9120.000	3.000	1923.000	1000.000	1932.000	50001.000	9.000	0.184
0.00033172997717430914	11750.000	9200.000	1.000	1927.000	1000.000	1937.000	50001.000	10.000	0.184
0.0008517574446520283	11850.000	9280.000	2.000	1925.000	1000.000	1936.000	50001.000	11.000	0.184
0.0003758786653403539	11950.000	9360.000	1.000	1845.000	1000.000	1854.000	50001.000	9.000	0.184
0.0008509128954972367	12050.000	9440.000	2.000	1889.000	1000.000	1901.000	50001.000	12.000	0.184
0.0013571878680807088	12150.000	9520.000	3.000	1996.000	1000.000	2006.000	50001.000	10.000	0.184
-0.00016665972251156202	12250.000	9600.000	0.000	1999.000	1000.000	2007.000	50001.000	8.000	0.184
-0.00014562096941959641	12350.000	9680.000	0.000	1931.000	1000.000	1938.000	50001.000	7.000	0.184
0.00034118294587310617	12450.000	9760.000	1.000	1893.000	1000.000	1903.000	50001.000	10.000	0.184
0.00045171164917707406	12550.000	9840.000	1.000	1945.000	1000.000	1949.000	50001.000	4.000	0.184
0.0008402918847166786	12650.000	9920.000	2.000	1908.000	1000.000	1920.000	50002.000	12.000	0.184
0.0017785485163903467	12750.000	10000.000	4.000	1972.000	1000.000	1988.000	50001.000	16.000	0.184
0.0012912484425551174	12850.000	10080.000	3.000	1896.000	1000.000	1913.000	50001.000	17.000	0.184
0.0002953854998184205	12950.000	10160.000	1.000	1908.000	1000.000	1920.000	50001.000	12.000	0.184
-0.00018676849008051797	13050.000	10240.000	0.000	1813.000	1000.000	1822.000	50001.000	9.000	0.184
0.0025070381414675808	13150.000	10320.000	5.000	1885.000	1000.000	1897.000	50001.000	12.000	0.184
0.0002726455166850814	13250.000	10400.000	1.000	1915.000	1000.000	1928.000	50002.000	13.000	0.184
-0.00014550292045147477	13350.000	10480.000	0.000	1892.000	1000.000	1899.000	50001.000	7.000	0.184
0.0014519834988868713	13450.000	10560.000	3.000	1878.000	1000.000	1888.000	50001.000	10.000	0.184
0.0004207284281709368	13550.000	10640.000	1.000	1984.000	1000.000	1989.000	50001.000	5.000	0.184
0.000382192491142307	13650.000	10720.000	1.000	1895.000	1000.000	1903.000	50001.000	8.000	0.184
0.00038417321714036507	13750.000	10800.000	1.000	1888.000	1000.000	1896.000	50002.000	8.000	0.184
0.00034776968427410173	13850.000	10880.000	1.000	1870.000	1000.000	1880.000	50001.000	10.000	0.184
-0.00018723864605654607	13950.000	10960.000	0.000	1934.000	1000.000	1943.000	50001.000	9.000	0.184
-0.00016646205705487006	14050.000	11040.000	0.000	1943.000	1000.000	1951.000	50002.000	8.000	0.184
-0.00014552712001829484	14150.000	11120.000	0.000	1900.000	1000.000	1907.000	50001.000	7.000	0.184
-0.00014550292045147477	14250.000	11200.000	0.000	1892.000	1000.000	1899.000	50001.000	7.000	0.184
0.0003892844808734283	14350.000	11280.000	1.000	1945.000	1000.000	1952.000	50001.000	7.000	0.184
0.0003735110500493599	14450.000	11360.000	1.000	1853.000	1000.000	1862.000	50001.000	9.000	0.184
0.000310655224985031	14550.000	11440.000	1.000	1928.000	1000.000	1939.000	50001.000	11.000	0.184
0.0003700875796322724	14650.000	11520.000	1.000	1939.000	1000.000	1947.000	50002.000	8.000	0.184
-0.0002080472683393667	14750.000	11600.000	0.000	1935.000	1000.000	1945.000	50001.000	10.000	0.184
0.0002967863365841771	14850.000	11680.000	1.000	1903.000	1000.000	1915.000	50001.000	12.000	0.184
-0.0001870207593042828	14950.000	11760.000	0.000	1879.000	1000.000	1888.000	50002.000	9.000	0.184
-0.00010393497827758954	15050.000	11840.000	0.000	1895.000	1000.000	1900.000	50002.000	5.000	0.184
-0.0002079002079002079	15150.000	11920.000	0.000	1902.000	1000.000	1912.000	50002.000	10.000	0.184
-0.00012475568678005573	15250.000	12000.000	0.000	1908.000	1000.000	1914.000	50002.000	6.000	0.184
0.0008320202119162483	15350.000	12080.000	2.000	1962.000	1000.000	1973.000	50001.000	11.000	0.184
0.0009374414292250263	15450.000	12160.000	2.000	1883.000	1000.000	1891.000	50001.000	8.000	0.184
0.0013537042584556658	15550.000	12240.000	3.000	1921.000	1000.000	1934.000	50002.000	13.000	0.184
-0.00018720359430901074	15650.000	12320.000	0.000	1925.000	1000.000	1934.000	50001.000	9.000	0.184
0.0004005298484656596	15750.000	12400.000	1.000	1832.000	1000.000	1840.000	50001.000	8.000	0.184
0.0003369715934287172	15850.000	12480.000	1.000	1908.000	1000.000	1918.000	50001.000	10.000	0.184
0.0015058471652424363	15950.000	12560.000	3.000	1888.000	1000.000	1895.000	50002.000	7.000	0.184
-0.00010393929944912172	16050.000	12640.000	0.000	1897.000	1000.000	1902.000	50002.000	5.000	0.184
0.0008037160107966989	16150.000	12720.000	2.000	1899.000	1000.000	1913.000	50001.000	14.000	0.184
0.0003875944950571816	16250.000	12800.000	1.000	1876.000	1000.000	1884.000	50001.000	8.000	0.184
0.0003735110500493599	16350.000	12880.000	1.000	1853.000	1000.000	1862.000	50001.000	9.000	0.184
-0.00016630287911859474	16450.000	12960.000	0.000	1896.000	1000.000	1904.000	50001.000	8.000	0.184
0.0008674198777372126	16550.000	13040.000	2.000	1974.000	1000.000	1983.000	50001.000	9.000	0.184
0.0008774692866212255	16650.000	13120.000	2.000	1916.000	1000.000	1926.000	50001.000	10.000	0.184
-0.00020790453023971392	16750.000	13200.000	0.000	1902.000	1000.000	1912.000	50001.000	10.000	0.184
0.0003226772231633228	16850.000	13280.000	1.000	1885.000	1000.000	1896.000	50002.000	11.000	0.184
-0.0002493817411001891	16950.000	13360.000	0.000	1882.000	1000.000	1894.000	50001.000	12.000	0.184
-0.00012477903712176355	17050.000	13440.000	0.000	1917.000	1000.000	1923.000	50002.000	6.000	0.184
0.00038078866945538936	17150.000	13520.000	1.000	1900.000	1000.000	1908.000	50001.000	8.000	0.184
-0.00012468309712813266	17250.000	13600.000	0.000	1879.000	1000.000	1885.000	50001.000	6.000	0.184
-0.00018700521536767304	17350.000	13680.000	0.000	1874.000	1000.000	1883.000	50001.000	9.000	0.184
-0.00012482316717982858	17450.000	13760.000	0.000	1933.000	1000.000	1939.000	50001.000	6.000	0.184
-0.0001249271258432581	17550.000	13840.000	0.000	1973.000	1000.000	1979.000	50001.000	6.000	0.184
0.0008710467096482814	17650.000	13920.000	2.000	1967.000	1000.000	1976.000	50001.000	9.000	0.184
0.0013619152733313682	17750.000	14000.000	3.000	1911.000	1000.000	1924.000	50001.000	13.000	0.184
0.0003414660427780344	17850.000	14080.000	1.000	1892.000	1000.000	1902.000	50001.000	10.000	0.184
-0.0002287472966228581	17950.000	14160.000	0.000	1914.000	1000.000	1925.000	50002.000	11.000	0.184
-0.00010403229162331988	18050.000	14240.000	0.000	1939.000	1000.000	1944.000	50001.000	5.000	0.184
0.00045304324379863474	18150.000	14320.000	1.000	1940.000	1000.000	1944.000	50001.000	4.000	0.184
